Freq.	V(n003)
1.00000000000000e+001	9.99997966615836e-001,-1.98648442426410e-004
1.01157945425990e+001	9.99997965838126e-001,-2.00948682838436e-004
1.02329299228075e+001	9.99997965042300e-001,-2.03275558774144e-004
1.03514216667934e+001	9.99997964227937e-001,-2.05629378658199e-004
1.04712854805090e+001	9.99997963394606e-001,-2.08010454486637e-004
1.05925372517729e+001	9.99997962541864e-001,-2.10419101868223e-004
1.07151930523761e+001	9.99997961669259e-001,-2.12855640066323e-004
1.08392691402120e+001	9.99997960776328e-001,-2.15320392041140e-004
1.09647819614319e+001	9.99997959862597e-001,-2.17813684492629e-004
1.10917481526240e+001	9.99997958927585e-001,-2.20335847903719e-004
1.12201845430196e+001	9.99997957970792e-001,-2.22887216584133e-004
1.13501081567232e+001	9.99997956991713e-001,-2.25468128714728e-004
1.14815362149688e+001	9.99997955989828e-001,-2.28078926392293e-004
1.16144861384034e+001	9.99997954964607e-001,-2.30719955674913e-004
1.17489755493953e+001	9.99997953915504e-001,-2.33391566627816e-004
1.18850222743702e+001	9.99997952841966e-001,-2.36094113369793e-004
1.20226443461741e+001	9.99997951743420e-001,-2.38827954120128e-004
1.21618600064637e+001	9.99997950619287e-001,-2.41593451246082e-004
1.23026877081238e+001	9.99997949468969e-001,-2.44390971310901e-004
1.24451461177139e+001	9.99997948291858e-001,-2.47220885122455e-004
1.25892541179417e+001	9.99997947087327e-001,-2.50083567782323e-004
1.27350308101666e+001	9.99997945854739e-001,-2.52979398735574e-004
1.28824955169314e+001	9.99997944593441e-001,-2.55908761821014e-004
1.30316677845230e+001	9.99997943302763e-001,-2.58872045322092e-004
1.31825673855641e+001	9.99997941982022e-001,-2.61869642018351e-004
1.33352143216333e+001	9.99997940630517e-001,-2.64901949237489e-004
1.34896288259166e+001	9.99997939247531e-001,-2.67969368908033e-004
1.36458313658893e+001	9.99997937832331e-001,-2.71072307612608e-004
1.38038426460289e+001	9.99997936384166e-001,-2.74211176641831e-004
1.39636836105594e+001	9.99997934902270e-001,-2.77386392048828e-004
1.41253754462276e+001	9.99997933385857e-001,-2.80598374704386e-004
1.42889395851111e+001	9.99997931834120e-001,-2.83847550352702e-004
1.44543977074593e+001	9.99997930246241e-001,-2.87134349667873e-004
1.46217717445672e+001	9.99997928621374e-001,-2.90459208310934e-004
1.47910838816821e+001	9.99997926958659e-001,-2.93822566987621e-004
1.49623565609444e+001	9.99997925257214e-001,-2.97224871506799e-004
1.51356124843621e+001	9.99997923516138e-001,-3.00666572839512e-004
1.53108746168203e+001	9.99997921734507e-001,-3.04148127178801e-004
1.54881661891249e+001	9.99997919911376e-001,-3.07669996000160e-004
1.56675107010815e+001	9.99997918045780e-001,-3.11232646122676e-004
1.58489319246112e+001	9.99997916136728e-001,-3.14836549770938e-004
1.60324539069005e+001	9.99997914183208e-001,-3.18482184637612e-004
1.62181009735893e+001	9.99997912184185e-001,-3.22170033946773e-004
1.64058977319954e+001	9.99997910138600e-001,-3.25900586517926e-004
1.65958690743757e+001	9.99997908045365e-001,-3.29674336830828e-004
1.67880401812257e+001	9.99997905903373e-001,-3.33491785091004e-004
1.69824365246175e+001	9.99997903711489e-001,-3.37353437296077e-004
1.71790838715759e+001	9.99997901468548e-001,-3.41259805302810e-004
1.73780082874938e+001	9.99997899173363e-001,-3.45211406894954e-004
1.75792361395870e+001	9.99997896824716e-001,-3.49208765851886e-004
1.77827941003893e+001	9.99997894421362e-001,-3.53252412018052e-004
1.79887091512879e+001	9.99997891962027e-001,-3.57342881373150e-004
1.81970085860999e+001	9.99997889445406e-001,-3.61480716103209e-004
1.84077200146896e+001	9.99997886870166e-001,-3.65666464672450e-004
1.86208713666287e+001	9.99997884234941e-001,-3.69900681895963e-004
1.88364908948981e+001	9.99997881538333e-001,-3.74183929013268e-004
1.90546071796325e+001	9.99997878778914e-001,-3.78516773762697e-004
1.92752491319094e+001	9.99997875955219e-001,-3.82899790456635e-004
1.94984459975805e+001	9.99997873065752e-001,-3.87333560057652e-004
1.97242273611486e+001	9.99997870108980e-001,-3.91818670255521e-004
1.99526231496889e+001	9.99997867083337e-001,-3.96355715545081e-004
2.01836636368157e+001	9.99997863987218e-001,-4.00945297305062e-004
2.04173794466954e+001	9.99997860818981e-001,-4.05588023877789e-004
2.06538015581054e+001	9.99997857576945e-001,-4.10284510649808e-004
2.08929613085405e+001	9.99997854259393e-001,-4.15035380133452e-004
2.11348903983666e+001	9.99997850864566e-001,-4.19841262049368e-004
2.13796208950224e+001	9.99997847390663e-001,-4.24702793409968e-004
2.16271852372703e+001	9.99997843835842e-001,-4.29620618603857e-004
2.18776162394956e+001	9.99997840198219e-001,-4.34595389481263e-004
2.21309470960565e+001	9.99997836475864e-001,-4.39627765440431e-004
2.23872113856835e+001	9.99997832666806e-001,-4.44718413515007e-004
2.26464430759307e+001	9.99997828769023e-001,-4.49868008462462e-004
2.29086765276778e+001	9.99997824780448e-001,-4.55077232853529e-004
2.31739464996849e+001	9.99997820698967e-001,-4.60346777162671e-004
2.34422881531993e+001	9.99997816522418e-001,-4.65677339859604e-004
2.37137370566167e+001	9.99997812248583e-001,-4.71069627501862e-004
2.39883291901950e+001	9.99997807875199e-001,-4.76524354828467e-004
2.42661009508243e+001	9.99997803399946e-001,-4.82042244854642e-004
2.45470891568504e+001	9.99997798820449e-001,-4.87624028967659e-004
2.48313310529558e+001	9.99997794134284e-001,-4.93270447023777e-004
2.51188643150959e+001	9.99997789338963e-001,-4.98982247446292e-004
2.54097270554932e+001	9.99997784431945e-001,-5.04760187324755e-004
2.57039578276888e+001	9.99997779410628e-001,-5.10605032515309e-004
2.60015956316529e+001	9.99997774272349e-001,-5.16517557742199e-004
2.63026799189540e+001	9.99997769014384e-001,-5.22498546700450e-004
2.66072505979882e+001	9.99997763633947e-001,-5.28548792159759e-004
2.69153480392693e+001	9.99997758128182e-001,-5.34669096069552e-004
2.72270130807793e+001	9.99997752494171e-001,-5.40860269665294e-004
2.75422870333818e+001	9.99997746728929e-001,-5.47123133575983e-004
2.78612116862979e+001	9.99997740829396e-001,-5.53458517932959e-004
2.81838293126447e+001	9.99997734792446e-001,-5.59867262479900e-004
2.85101826750393e+001	9.99997728614876e-001,-5.66350216684134e-004
2.88403150312662e+001	9.99997722293413e-001,-5.72908239849229e-004
2.91742701400118e+001	9.99997715824705e-001,-5.79542201228898e-004
2.95120922666640e+001	9.99997709205321e-001,-5.86252980142188e-004
2.98538261891798e+001	9.99997702431751e-001,-5.93041466090039e-004
3.01995172040203e+001	9.99997695500405e-001,-5.99908558873185e-004
3.05492111321553e+001	9.99997688407607e-001,-6.06855168711413e-004
3.09029543251361e+001	9.99997681149597e-001,-6.13882216364197e-004
3.12607936712397e+001	9.99997673722526e-001,-6.20990633252735e-004
3.16227766016840e+001	9.99997666122457e-001,-6.28181361583419e-004
3.19889510969142e+001	9.99997658345359e-001,-6.35455354472688e-004
3.23593656929630e+001	9.99997650387110e-001,-6.42813576073379e-004
3.27340694878840e+001	9.99997642243489e-001,-6.50257001702498e-004
3.31131121482593e+001	9.99997633910180e-001,-6.57786617970509e-004
3.34965439157830e+001	9.99997625382762e-001,-6.65403422912074e-004
3.38844156139205e+001	9.99997616656716e-001,-6.73108426118349e-004
3.42767786546453e+001	9.99997607727414e-001,-6.80902648870794e-004
3.46736850452534e+001	9.99997598590122e-001,-6.88787124276516e-004
3.50751873952570e+001	9.99997589239996e-001,-6.96762897405227e-004
3.54813389233578e+001	9.99997579672077e-001,-7.04831025427728e-004
3.58921934645008e+001	9.99997569881293e-001,-7.12992577756032e-004
3.63078054770104e+001	9.99997559862452e-001,-7.21248636185114e-004
3.67282300498087e+001	9.99997549610243e-001,-7.29600295036271e-004
3.71535229097175e+001	9.99997539119229e-001,-7.38048661302178e-004
3.75837404288447e+001	9.99997528383849e-001,-7.46594854793592e-004
3.80189396320564e+001	9.99997517398409e-001,-7.55240008287777e-004
3.84591782045356e+001	9.99997506157087e-001,-7.63985267678645e-004
3.89045144994284e+001	9.99997494653920e-001,-7.72831792128607e-004
3.93550075455780e+001	9.99997482882810e-001,-7.81780754222220e-004
3.98107170553500e+001	9.99997470837517e-001,-7.90833340121608e-004
4.02717034325462e+001	9.99997458511653e-001,-7.99990749723641e-004
4.07380277804116e+001	9.99997445898683e-001,-8.09254196818986e-004
4.12097519097333e+001	9.99997432991919e-001,-8.18624909252976e-004
4.16869383470339e+001	9.99997419784518e-001,-8.28104129088331e-004
4.21696503428586e+001	9.99997406269479e-001,-8.37693112769777e-004
4.26579518801596e+001	9.99997392439632e-001,-8.47393131290579e-004
4.31519076827769e+001	9.99997378287649e-001,-8.57205470360983e-004
4.36515832240170e+001	9.99997363806024e-001,-8.67131430578604e-004
4.41570447353316e+001	9.99997348987079e-001,-8.77172327600823e-004
4.46683592150967e+001	9.99997333822957e-001,-8.87329492319129e-004
4.51855944374926e+001	9.99997318305618e-001,-8.97604271035529e-004
4.57088189614879e+001	9.99997302426833e-001,-9.07998025640949e-004
4.62381021399264e+001	9.99997286178186e-001,-9.18512133795761e-004
4.67735141287202e+001	9.99997269551058e-001,-9.29147989112328e-004
4.73151258961485e+001	9.99997252536636e-001,-9.39907001339737e-004
4.78630092322643e+001	9.99997235125897e-001,-9.50790596550599e-004
4.84172367584104e+001	9.99997217309611e-001,-9.61800217330087e-004
4.89778819368451e+001	9.99997199078331e-001,-9.72937322967067e-004
4.95450190804795e+001	9.99997180422391e-001,-9.84203389647554e-004
5.01187233627277e+001	9.99997161331898e-001,-9.95599910650302e-004
5.06990708274709e+001	9.99997141796732e-001,-1.00712839654473e-003
5.12861383991370e+001	9.99997121806534e-001,-1.01879037539113e-003
5.18800038928966e+001	9.99997101350705e-001,-1.03058739294311e-003
5.24807460249778e+001	9.99997080418399e-001,-1.04252101285252e-003
5.30884444230993e+001	9.99997058998519e-001,-1.05459281687665e-003
5.37031796370258e+001	9.99997037079706e-001,-1.06680440508786e-003
5.43250331492439e+001	9.99997014650340e-001,-1.07915739608559e-003
5.49540873857630e+001	9.99996991698528e-001,-1.09165342721092e-003
5.55904257270409e+001	9.99996968212100e-001,-1.10429415476351e-003
5.62341325190355e+001	9.99996944178604e-001,-1.11708125422115e-003
5.68852930843847e+001	9.99996919585297e-001,-1.13001642046175e-003
5.75439937337163e+001	9.99996894419140e-001,-1.14310136798796e-003
5.82103217770877e+001	9.99996868666789e-001,-1.15633783115440e-003
5.88843655355595e+001	9.99996842314590e-001,-1.16972756439747e-003
5.95662143529017e+001	9.99996815348571e-001,-1.18327234246787e-003
6.02559586074364e+001	9.99996787754433e-001,-1.19697396066578e-003
6.09536897240175e+001	9.99996759517548e-001,-1.21083423507876e-003
6.16595001861489e+001	9.99996730622943e-001,-1.22485500282244e-003
6.23734835482426e+001	9.99996701055297e-001,-1.23903812228395e-003
6.30957344480200e+001	9.99996670798935e-001,-1.25338547336817e-003
6.38263486190555e+001	9.99996639837813e-001,-1.26789895774690e-003
6.45654229034662e+001	9.99996608155516e-001,-1.28258049911081e-003
6.53130552647479e+001	9.99996575735245e-001,-1.29743204342439e-003
6.60693448007603e+001	9.99996542559812e-001,-1.31245555918378e-003
6.68343917568622e+001	9.99996508611626e-001,-1.32765303767765e-003
6.76082975391989e+001	9.99996473872686e-001,-1.34302649325107e-003
6.83911647281437e+001	9.99996438324575e-001,-1.35857796357242e-003
6.91830970918944e+001	9.99996401948445e-001,-1.37430950990339e-003
6.99841996002281e+001	9.99996364725010e-001,-1.39022321737215e-003
7.07945784384146e+001	9.99996326634531e-001,-1.40632119524963e-003
7.16143410212910e+001	9.99996287656815e-001,-1.42260557722898e-003
7.24435960074998e+001	9.99996247771194e-001,-1.43907852170836e-003
7.32824533138912e+001	9.99996206956520e-001,-1.45574221207690e-003
7.41310241300926e+001	9.99996165191154e-001,-1.47259885700400e-003
7.49894209332465e+001	9.99996122452952e-001,-1.48965069073202e-003
7.58577575029193e+001	9.99996078719252e-001,-1.50689997337229e-003
7.67361489361828e+001	9.99996033966868e-001,-1.52434899120461e-003
7.76247116628701e+001	9.99995988172071e-001,-1.54200005698013e-003
7.85235634610081e+001	9.99995941310579e-001,-1.55985551022785e-003
7.94328234724291e+001	9.99995893357549e-001,-1.57791771756455e-003
8.03526122185627e+001	9.99995844287553e-001,-1.59618907300838e-003
8.12830516164109e+001	9.99995794074576e-001,-1.61467199829608e-003
8.22242649947081e+001	9.99995742691992e-001,-1.63336894320379e-003
8.31763771102681e+001	9.99995690112560e-001,-1.65228238587167e-003
8.41395141645205e+001	9.99995636308401e-001,-1.67141483313220e-003
8.51138038202387e+001	9.99995581250989e-001,-1.69076882084237e-003
8.60993752184611e+001	9.99995524911131e-001,-1.71034691421959e-003
8.70963589956091e+001	9.99995467258955e-001,-1.73015170818154e-003
8.81048873008025e+001	9.99995408263895e-001,-1.75018582769005e-003
8.91250938133757e+001	9.99995347894669e-001,-1.77045192809876e-003
9.01571137605968e+001	9.99995286119272e-001,-1.79095269550496e-003
9.12010839355921e+001	9.99995222904948e-001,-1.81169084710546e-003
9.22571427154775e+001	9.99995158218182e-001,-1.83266913155654e-003
9.33254300797003e+001	9.99995092024675e-001,-1.85389032933809e-003
9.44060876285936e+001	9.99995024289333e-001,-1.87535725312195e-003
9.54992586021448e+001	9.99994954976241e-001,-1.89707274814454e-003
9.66050878989826e+001	9.99994884048651e-001,-1.91903969258376e-003
9.77237220955824e+001	9.99994811468954e-001,-1.94126099794028e-003
9.88553094656952e+001	9.99994737198669e-001,-1.96373960942320e-003
1.00000000000001e+002	9.99994661198419e-001,-1.98647850634022e-003
1.01157945425991e+002	9.99994583427907e-001,-2.00948070249229e-003
1.02329299228077e+002	9.99994503845900e-001,-2.03274924657281e-003
1.03514216667936e+002	9.99994422410202e-001,-2.05628722257150e-003
1.04712854805091e+002	9.99994339077637e-001,-2.08009775018287e-003
1.05925372517730e+002	9.99994253804021e-001,-2.10418398521947e-003
1.07151930523762e+002	9.99994166544142e-001,-2.12854912002989e-003
1.08392691402122e+002	9.99994077251735e-001,-2.15319638392159e-003
1.09647819614320e+002	9.99993985879456e-001,-2.17812904358861e-003
1.10917481526242e+002	9.99993892378862e-001,-2.20335040354431e-003
1.12201845430198e+002	9.99993796700376e-001,-2.22886380655894e-003
1.13501081567233e+002	9.99993698793271e-001,-2.25467263410244e-003
1.14815362149690e+002	9.99993598605635e-001,-2.28078030679228e-003
1.16144861384036e+002	9.99993496084350e-001,-2.30719028484645e-003
1.17489755493955e+002	9.99993391175060e-001,-2.33390606854177e-003
1.18850222743704e+002	9.99993283822139e-001,-2.36093119867738e-003
1.20226443461743e+002	9.99993173968672e-001,-2.38826925704372e-003
1.21618600064639e+002	9.99993061556413e-001,-2.41592386689682e-003
1.23026877081240e+002	9.99992946525762e-001,-2.44389869343814e-003
1.24451461177140e+002	9.99992828815730e-001,-2.47219744429988e-003
1.25892541179419e+002	9.99992708363907e-001,-2.50082387003599e-003
1.27350308101668e+002	9.99992585106431e-001,-2.52978176461881e-003
1.28824955169315e+002	9.99992458977950e-001,-2.55907496594140e-003
1.30316677845232e+002	9.99992329911590e-001,-2.58870735632575e-003
1.31825673855643e+002	9.99992197838925e-001,-2.61868286303685e-003
1.33352143216334e+002	9.99992062689926e-001,-2.64900545880262e-003
1.34896288259167e+002	9.99991924392940e-001,-2.67967916233993e-003
1.36458313658895e+002	9.99991782874642e-001,-2.71070803888670e-003
1.38038426460291e+002	9.99991638060000e-001,-2.74209620074007e-003
1.39636836105596e+002	9.99991489872235e-001,-2.77384780780082e-003
1.41253754462278e+002	9.99991338232777e-001,-2.80596706812414e-003
1.42889395851113e+002	9.99991183061230e-001,-2.83845823847665e-003
1.44543977074595e+002	9.99991024275323e-001,-2.87132562489994e-003
1.46217717445674e+002	9.99990861790867e-001,-2.90457358328055e-003
1.47910838816823e+002	9.99990695521715e-001,-2.93820651992660e-003
1.49623565609446e+002	9.99990525379714e-001,-2.97222889215102e-003
1.51356124843623e+002	9.99990351274656e-001,-3.00664520886151e-003
1.53108746168206e+002	9.99990173114231e-001,-3.04146003115739e-003
1.54881661891251e+002	9.99989990803981e-001,-3.07667797293319e-003
1.56675107010818e+002	9.99989804247247e-001,-3.11230370148940e-003
1.58489319246114e+002	9.99989613345120e-001,-3.14834193815008e-003
1.60324539069007e+002	9.99989417996385e-001,-3.18479745888771e-003
1.62181009735896e+002	9.99989218097472e-001,-3.22167509495521e-003
1.64058977319957e+002	9.99989013542395e-001,-3.25897973352528e-003
1.65958690743759e+002	9.99988804222704e-001,-3.29671631833706e-003
1.67880401812259e+002	9.99988590027420e-001,-3.33488985035032e-003
1.69824365246177e+002	9.99988370842979e-001,-3.37350538840713e-003
1.71790838715762e+002	9.99988146553176e-001,-3.41256804990121e-003
1.73780082874941e+002	9.99987917039093e-001,-3.45208301145494e-003
1.75792361395872e+002	9.99987682179048e-001,-3.49205550960429e-003
1.77827941003895e+002	9.99987441848522e-001,-3.53249084149147e-003
1.79887091512882e+002	9.99987195920097e-001,-3.57339436556575e-003
1.81970085861002e+002	9.99986944263384e-001,-3.61477150229224e-003
1.84077200146899e+002	9.99986686744964e-001,-3.65662773486885e-003
1.86208713666290e+002	9.99986423228303e-001,-3.69896860995158e-003
1.88364908948983e+002	9.99986153573691e-001,-3.74179973838808e-003
1.90546071796328e+002	9.99985877638165e-001,-3.78512679595976e-003
1.92752491319097e+002	9.99985595275430e-001,-3.82895552413231e-003
1.94984459975808e+002	9.99985306335783e-001,-3.87329173081503e-003
1.97242273611489e+002	9.99985010666038e-001,-3.91814129112878e-003
1.99526231496892e+002	9.99984708109436e-001,-3.96351014818281e-003
2.01836636368160e+002	9.99984398505573e-001,-4.00940431386060e-003
2.04173794466957e+002	9.99984081690303e-001,-4.05582986961460e-003
2.06538015581057e+002	9.99983757495662e-001,-4.10279296727029e-003
2.08929613085408e+002	9.99983425749771e-001,-4.15029982983939e-003
2.11348903983668e+002	9.99983086276750e-001,-4.19835675234242e-003
2.13796208950227e+002	9.99982738896620e-001,-4.24697010264079e-003
2.16271852372706e+002	9.99982383425214e-001,-4.29614632227841e-003
2.18776162394959e+002	9.99982019674070e-001,-4.34589192733302e-003
2.21309470960568e+002	9.99981647450343e-001,-4.39621350927730e-003
2.23872113856838e+002	9.99981266556694e-001,-4.44711773584983e-003
2.26464430759310e+002	9.99980876791187e-001,-4.49861135193614e-003
2.29086765276782e+002	9.99980477947183e-001,-4.55070118045987e-003
2.31739464996852e+002	9.99980069813232e-001,-4.60339412328412e-003
2.34422881531997e+002	9.99979652172959e-001,-4.65669716212326e-003
2.37137370566170e+002	9.99979224804949e-001,-4.71061735946507e-003
2.39883291901954e+002	9.99978787482630e-001,-4.76516185950363e-003
2.42661009508246e+002	9.99978339974154e-001,-4.82033788908282e-003
2.45470891568508e+002	9.99977882042274e-001,-4.87615275865070e-003
2.48313310529562e+002	9.99977413444217e-001,-4.93261386322482e-003
2.51188643150963e+002	9.99976933931555e-001,-4.98972868336862e-003
2.54097270554935e+002	9.99976443250075e-001,-5.04750478617908e-003
2.57039578276891e+002	9.99975941139645e-001,-5.10594982628562e-003
2.60015956316532e+002	9.99975427334073e-001,-5.16507154686050e-003
2.63026799189543e+002	9.99974901560968e-001,-5.22487778064085e-003
2.66072505979886e+002	9.99974363541596e-001,-5.28537645096236e-003
2.69153480392697e+002	9.99973812990732e-001,-5.34657557280480e-003
2.72270130807797e+002	9.99973249616506e-001,-5.40848325384962e-003
2.75422870333822e+002	9.99972673120254e-001,-5.47110769554959e-003
2.78612116862983e+002	9.99972083196354e-001,-5.53445719421069e-003
2.81838293126451e+002	9.99971479532070e-001,-5.59854014208645e-003
2.85101826750397e+002	9.99970861807378e-001,-5.66336502848475e-003
2.88403150312666e+002	9.99970229694805e-001,-5.72894044088733e-003
2.91742701400123e+002	9.99969582859251e-001,-5.79527506608214e-003
2.95120922666645e+002	9.99968920957812e-001,-5.86237769130856e-003
2.98538261891802e+002	9.99968243639598e-001,-5.93025720541579e-003
3.01995172040208e+002	9.99967550545549e-001,-5.99892260003443e-003
3.05492111321558e+002	9.99966841308242e-001,-6.06838297076155e-003
3.09029543251365e+002	9.99966115551697e-001,-6.13864751835914e-003
3.12607936712402e+002	9.99965372891182e-001,-6.20972554996644e-003
3.16227766016844e+002	9.99964612933001e-001,-6.28162648032594e-003
3.19889510969146e+002	9.99963835274296e-001,-6.35435983302349e-003
3.23593656929635e+002	9.99963039502821e-001,-6.42793524174251e-003
3.27340694878845e+002	9.99962225196734e-001,-6.50236245153256e-003
3.31131121482598e+002	9.99961391924369e-001,-6.57765132009227e-003
3.34965439157835e+002	9.99960539244009e-001,-6.65381181906704e-003
3.38844156139210e+002	9.99959666703649e-001,-6.73085403536141e-003
3.42767786546458e+002	9.99958773840760e-001,-6.80878817246643e-003
3.46736850452539e+002	9.99957860182045e-001,-6.88762455180215e-003
3.50751873952575e+002	9.99956925243179e-001,-6.96737361407534e-003
3.54813389233583e+002	9.99955968528567e-001,-7.04804592065278e-003
3.58921934645013e+002	9.99954989531069e-001,-7.12965215494998e-003
3.63078054770109e+002	9.99953987731738e-001,-7.21220312383587e-003
3.67282300498093e+002	9.99952962599542e-001,-7.29570975905334e-003
3.71535229097181e+002	9.99951913591086e-001,-7.38018311865595e-003
3.75837404288452e+002	9.99950840150321e-001,-7.46563438846096e-003
3.80189396320569e+002	9.99949741708250e-001,-7.55207488351882e-003
3.84591782045362e+002	9.99948617682628e-001,-7.63951604959940e-003
3.89045144994289e+002	9.99947467477655e-001,-7.72796946469492e-003
3.93550075455786e+002	9.99946290483654e-001,-7.81744684054008e-003
3.98107170553506e+002	9.99945086076757e-001,-7.90796002414931e-003
4.02717034325468e+002	9.99943853618568e-001,-7.99952099937143e-003
4.07380277804122e+002	9.99942592455828e-001,-8.09214188846190e-003
4.12097519097339e+002	9.99941301920066e-001,-8.18583495367289e-003
4.16869383470345e+002	9.99939981327249e-001,-8.28061259886122e-003
4.21696503428592e+002	9.99938629977419e-001,-8.37648737111461e-003
4.26579518801602e+002	9.99937247154318e-001,-8.47347196239612e-003
4.31519076827775e+002	9.99935832125016e-001,-8.57157921120724e-003
4.36515832240176e+002	9.99934384139518e-001,-8.67082210426973e-003
4.41570447353323e+002	9.99932902430366e-001,-8.77121377822635e-003
4.46683592150973e+002	9.99931386212237e-001,-8.87276752136077e-003
4.51855944374933e+002	9.99929834681522e-001,-8.97549677533687e-003
4.57088189614886e+002	9.99928247015908e-001,-9.07941513695751e-003
4.62381021399271e+002	9.99926622373934e-001,-9.18453635994312e-003
4.67735141287209e+002	9.99924959894551e-001,-9.29087435673027e-003
4.73151258961492e+002	9.99923258696667e-001,-9.39844320029033e-003
4.78630092322650e+002	9.99921517878676e-001,-9.50725712596866e-003
4.84172367584111e+002	9.99919736517983e-001,-9.61733053334423e-003
4.89778819368458e+002	9.99917913670520e-001,-9.72867798811023e-003
4.95450190804802e+002	9.99916048370238e-001,-9.84131422397558e-003
5.01187233627284e+002	9.99914139628603e-001,-9.95525414458770e-003
5.06990708274716e+002	9.99912186434069e-001,-1.00705128254769e-002
5.12861383991377e+002	9.99910187751544e-001,-1.01871055160222e-002
5.18800038928974e+002	9.99908142521841e-001,-1.03050476414392e-002
5.24807460249785e+002	9.99906049661121e-001,-1.04243548047903e-002
5.30884444231001e+002	9.99903908060315e-001,-1.05450427890168e-002
5.37031796370266e+002	9.99901716584539e-001,-1.06671275589939e-002
5.43250331492446e+002	9.99899474072497e-001,-1.07906252636085e-002
5.49540873857638e+002	9.99897179335861e-001,-1.09155522378602e-002
5.55904257270417e+002	9.99894831158644e-001,-1.10419250049849e-002
5.62341325190363e+002	9.99892428296561e-001,-1.11697602786028e-002
5.68852930843855e+002	9.99889969476366e-001,-1.12990749648897e-002
5.75439937337171e+002	9.99887453395180e-001,-1.14298861647720e-002
5.82103217770886e+002	9.99884878719801e-001,-1.15622111761464e-002
5.88843655355603e+002	9.99882244086002e-001,-1.16960674961242e-002
5.95662143529025e+002	9.99879548097808e-001,-1.18314728232991e-002
6.02559586074373e+002	9.99876789326754e-001,-1.19684450600419e-002
6.09536897240184e+002	9.99873966311137e-001,-1.21070023148182e-002
6.16595001861497e+002	9.99871077555239e-001,-1.22471629045333e-002
6.23734835482435e+002	9.99868121528532e-001,-1.23889453569018e-002
6.30957344480209e+002	9.99865096664879e-001,-1.25323684128432e-002
6.38263486190565e+002	9.99862001361698e-001,-1.26774510289042e-002
6.45654229034672e+002	9.99858833979120e-001,-1.28242123797063e-002
6.53130552647489e+002	9.99855592839114e-001,-1.29726718604216e-002
6.60693448007613e+002	9.99852276224612e-001,-1.31228490892740e-002
6.68343917568631e+002	9.99848882378593e-001,-1.32747639100683e-002
6.76082975391999e+002	9.99845409503157e-001,-1.34284363947467e-002
6.83911647281447e+002	9.99841855758575e-001,-1.35838868459729e-002
6.91830970918954e+002	9.99838219262320e-001,-1.37411357997437e-002
6.99841996002291e+002	9.99834498088064e-001,-1.39002040280292e-002
7.07945784384156e+002	9.99830690264672e-001,-1.40611125414416e-002
7.16143410212920e+002	9.99826793775152e-001,-1.42238825919318e-002
7.24435960075009e+002	9.99822806555592e-001,-1.43885356755156e-002
7.32824533138923e+002	9.99818726494074e-001,-1.45550935350292e-002
7.41310241300937e+002	9.99814551429553e-001,-1.47235781629133e-002
7.49894209332475e+002	9.99810279150717e-001,-1.48940118040277e-002
7.58577575029203e+002	9.99805907394826e-001,-1.50664169584956e-002
7.67361489361839e+002	9.99801433846508e-001,-1.52408163845776e-002
7.76247116628712e+002	9.99796856136544e-001,-1.54172331015767e-002
7.85235634610092e+002	9.99792171840612e-001,-1.55956903927739e-002
7.94328234724302e+002	9.99787378478017e-001,-1.57762118083945e-002
8.03526122185638e+002	9.99782473510367e-001,-1.59588211686053e-002
8.12830516164120e+002	9.99777454340250e-001,-1.61435425665446e-002
8.22242649947093e+002	9.99772318309852e-001,-1.63304003713817e-002
8.31763771102693e+002	9.99767062699559e-001,-1.65194192314106e-002
8.41395141645217e+002	9.99761684726525e-001,-1.67106240771740e-002
8.51138038202399e+002	9.99756181543199e-001,-1.69040401246211e-002
8.60993752184624e+002	9.99750550235831e-001,-1.70996928782972e-002
8.70963589956104e+002	9.99744787822927e-001,-1.72976081345665e-002
8.81048873008038e+002	9.99738891253684e-001,-1.74978119848684e-002
8.91250938133769e+002	9.99732857406381e-001,-1.77003308190063e-002
9.01571137605981e+002	9.99726683086729e-001,-1.79051913284710e-002
9.12010839355934e+002	9.99720365026193e-001,-1.81124205097972e-002
9.22571427154788e+002	9.99713899880271e-001,-1.83220456679547e-002
9.33254300797016e+002	9.99707284226725e-001,-1.85340944197735e-002
9.44060876285949e+002	9.99700514563786e-001,-1.87485946974034e-002
9.54992586021462e+002	9.99693587308304e-001,-1.89655747518086e-002
9.66050878989840e+002	9.99686498793867e-001,-1.91850631562974e-002
9.77237220955838e+002	9.99679245268867e-001,-1.94070888100864e-002
9.88553094656966e+002	9.99671822894525e-001,-1.96316809419009e-002
1.00000000000003e+003	9.99664227742874e-001,-1.98588691136107e-002
1.01157945425993e+003	9.99656455794689e-001,-2.00886832239010e-002
1.02329299228078e+003	9.99648502937373e-001,-2.03211535119805e-002
1.03514216667937e+003	9.99640364962797e-001,-2.05563105613244e-002
1.04712854805093e+003	9.99632037565081e-001,-2.07941853034550e-002
1.05925372517732e+003	9.99623516338335e-001,-2.10348090217579e-002
1.07151930523764e+003	9.99614796774344e-001,-2.12782133553351e-002
1.08392691402123e+003	9.99605874260190e-001,-2.15244303028958e-002
1.09647819614322e+003	9.99596744075840e-001,-2.17734922266826e-002
1.10917481526243e+003	9.99587401391654e-001,-2.20254318564368e-002
1.12201845430200e+003	9.99577841265860e-001,-2.22802822933994e-002
1.13501081567235e+003	9.99568058641948e-001,-2.25380770143505e-002
1.14815362149692e+003	9.99558048346026e-001,-2.27988498756862e-002
1.16144861384038e+003	9.99547805084093e-001,-2.30626351175325e-002
1.17489755493956e+003	9.99537323439270e-001,-2.33294673678980e-002
1.18850222743705e+003	9.99526597868952e-001,-2.35993816468638e-002
1.20226443461745e+003	9.99515622701906e-001,-2.38724133708115e-002
1.21618600064640e+003	9.99504392135290e-001,-2.41485983566895e-002
1.23026877081242e+003	9.99492900231620e-001,-2.44279728263173e-002
1.24451461177142e+003	9.99481140915650e-001,-2.47105734107275e-002
1.25892541179420e+003	9.99469107971192e-001,-2.49964371545469e-002
1.27350308101670e+003	9.99456795037862e-001,-2.52856015204150e-002
1.28824955169317e+003	9.99444195607743e-001,-2.55781043934413e-002
1.30316677845234e+003	9.99431303021985e-001,-2.58739840857001e-002
1.31825673855645e+003	9.99418110467315e-001,-2.61732793407645e-002
1.33352143216336e+003	9.99404610972475e-001,-2.64760293382775e-002
1.34896288259169e+003	9.99390797404573e-001,-2.67822736985620e-002
1.36458313658896e+003	9.99376662465357e-001,-2.70920524872684e-002
1.38038426460293e+003	9.99362198687398e-001,-2.74054062200601e-002
1.39636836105598e+003	9.99347398430184e-001,-2.77223758673374e-002
1.41253754462280e+003	9.99332253876138e-001,-2.80430028589977e-002
1.42889395851115e+003	9.99316757026529e-001,-2.83673290892352e-002
1.44543977074597e+003	9.99300899697297e-001,-2.86953969213762e-002
1.46217717445676e+003	9.99284673514786e-001,-2.90272491927522e-002
1.47910838816825e+003	9.99268069911372e-001,-2.93629292196102e-002
1.49623565609448e+003	9.99251080121001e-001,-2.97024808020596e-002
1.51356124843625e+003	9.99233695174617e-001,-3.00459482290545e-002
1.53108746168208e+003	9.99215905895487e-001,-3.03933762834138e-002
1.54881661891253e+003	9.99197702894426e-001,-3.07448102468754e-002
1.56675107010820e+003	9.99179076564907e-001,-3.11002959051870e-002
1.58489319246116e+003	9.99160017078069e-001,-3.14598795532314e-002
1.60324539069009e+003	9.99140514377591e-001,-3.18236080001861e-002
1.62181009735898e+003	9.99120558174478e-001,-3.21915285747177e-002
1.64058977319959e+003	9.99100137941708e-001,-3.25636891302092e-002
1.65958690743761e+003	9.99079242908765e-001,-3.29401380500210e-002
1.67880401812261e+003	9.99057862056050e-001,-3.33209242527843e-002
1.69824365246180e+003	9.99035984109160e-001,-3.37060971977261e-002
1.71790838715764e+003	9.99013597533044e-001,-3.40957068900259e-002
1.73780082874943e+003	9.98990690526023e-001,-3.44898038862025e-002
1.75792361395875e+003	9.98967251013675e-001,-3.48884392995312e-002
1.77827941003898e+003	9.98943266642586e-001,-3.52916648054902e-002
1.79887091512884e+003	9.98918724773954e-001,-3.56995326472340e-002
1.81970085861004e+003	9.98893612477054e-001,-3.61120956410961e-002
1.84077200146901e+003	9.98867916522555e-001,-3.65294071821164e-002
1.86208713666293e+003	9.98841623375686e-001,-3.69515212495955e-002
1.88364908948986e+003	9.98814719189246e-001,-3.73784924126723e-002
1.90546071796331e+003	9.98787189796463e-001,-3.78103758359257e-002
1.92752491319100e+003	9.98759020703690e-001,-3.82472272849983e-002
1.94984459975811e+003	9.98730197082931e-001,-3.86891031322409e-002
1.97242273611492e+003	9.98700703764216e-001,-3.91360603623772e-002
1.99526231496894e+003	9.98670525227786e-001,-3.95881565781866e-002
2.01836636368163e+003	9.98639645596117e-001,-4.00454500062035e-002
2.04173794466959e+003	9.98608048625761e-001,-4.05079995024332e-002
2.06538015581060e+003	9.98575717699010e-001,-4.09758645580810e-002
2.08929613085411e+003	9.98542635815361e-001,-4.14491053052932e-002
2.11348903983671e+003	9.98508785582812e-001,-4.19277825229100e-002
2.13796208950230e+003	9.98474149208944e-001,-4.24119576422262e-002
2.16271852372709e+003	9.98438708491818e-001,-4.29016927527589e-002
2.18776162394962e+003	9.98402444810671e-001,-4.33970506080203e-002
2.21309470960571e+003	9.98365339116392e-001,-4.38980946312942e-002
2.23872113856841e+003	9.98327371921808e-001,-4.44048889214116e-002
2.26464430759313e+003	9.98288523291736e-001,-4.49174982585264e-002
2.29086765276785e+003	9.98248772832829e-001,-4.54359881098864e-002
2.31739464996855e+003	9.98208099683192e-001,-4.59604246355983e-002
2.34422881532000e+003	9.98166482501772e-001,-4.64908746943835e-002
2.37137370566173e+003	9.98123899457516e-001,-4.70274058493231e-002
2.39883291901957e+003	9.98080328218288e-001,-4.75700863735876e-002
2.42661009508249e+003	9.98035745939543e-001,-4.81189852561502e-002
2.45470891568511e+003	9.97990129252760e-001,-4.86741722074791e-002
2.48313310529565e+003	9.97943454253617e-001,-4.92357176652070e-002
2.51188643150966e+003	9.97895696489907e-001,-4.98036927997736e-002
2.54097270554939e+003	9.97846830949194e-001,-5.03781695200372e-002
2.57039578276895e+003	9.97796832046202e-001,-5.09592204788537e-002
2.60015956316536e+003	9.97745673609931e-001,-5.15469190786175e-002
2.63026799189547e+003	9.97693328870487e-001,-5.21413394767605e-002
2.66072505979890e+003	9.97639770445638e-001,-5.27425565912066e-002
2.69153480392701e+003	9.97584970327070e-001,-5.33506461057756e-002
2.72270130807800e+003	9.97528899866360e-001,-5.39656844755340e-002
2.75422870333826e+003	9.97471529760628e-001,-5.45877489320862e-002
2.78612116862986e+003	9.97412830037908e-001,-5.52169174888032e-002
2.81838293126455e+003	9.97352770042180e-001,-5.58532689459825e-002
2.85101826750401e+003	9.97291318418101e-001,-5.64968828959348e-002
2.88403150312670e+003	9.97228443095402e-001,-5.71478397279923e-002
2.91742701400127e+003	9.97164111272956e-001,-5.78062206334322e-002
2.95120922666649e+003	9.97098289402510e-001,-5.84721076103108e-002
2.98538261891806e+003	9.97030943172068e-001,-5.91455834682015e-002
3.01995172040212e+003	9.96962037488931e-001,-5.98267318328305e-002
3.05492111321562e+003	9.96891536462374e-001,-6.05156371506049e-002
3.09029543251370e+003	9.96819403385962e-001,-6.12123846930239e-002
3.12607936712406e+003	9.96745600719497e-001,-6.19170605609704e-002
3.16227766016849e+003	9.96670090070586e-001,-6.26297516888711e-002
3.19889510969151e+003	9.96592832175827e-001,-6.33505458487214e-002
3.23593656929639e+003	9.96513786881606e-001,-6.40795316539657e-002
3.27340694878850e+003	9.96432913124495e-001,-6.48167985632248e-002
3.31131121482603e+003	9.96350168911247e-001,-6.55624368838634e-002
3.34965439157839e+003	9.96265511298375e-001,-6.63165377753884e-002
3.38844156139214e+003	9.96178896371326e-001,-6.70791932526687e-002
3.42767786546462e+003	9.96090279223213e-001,-6.78504961889684e-002
3.46736850452544e+003	9.95999613933124e-001,-6.86305403187824e-002
3.50751873952580e+003	9.95906853543996e-001,-6.94194202404663e-002
3.54813389233588e+003	9.95811950040030e-001,-7.02172314186491e-002
3.58921934645018e+003	9.95714854323661e-001,-7.10240701864178e-002
3.63078054770114e+003	9.95615516192060e-001,-7.18400337472650e-002
3.67282300498098e+003	9.95513884313178e-001,-7.26652201767856e-002
3.71535229097186e+003	9.95409906201303e-001,-7.34997284241125e-002
3.75837404288457e+003	9.95303528192133e-001,-7.43436583130792e-002
3.80189396320575e+003	9.95194695417374e-001,-7.51971105430954e-002
3.84591782045367e+003	9.95083351778819e-001,-7.60601866897246e-002
3.89045144994294e+003	9.94969439921934e-001,-7.69329892049485e-002
3.93550075455792e+003	9.94852901208931e-001,-7.78156214171054e-002
3.98107170553511e+003	9.94733675691315e-001,-7.87081875304880e-002
4.02717034325474e+003	9.94611702081912e-001,-7.96107926245860e-002
4.07380277804127e+003	9.94486917726350e-001,-8.05235426529574e-002
4.12097519097345e+003	9.94359258574013e-001,-8.14465444417141e-002
4.16869383470350e+003	9.94228659148438e-001,-8.23799056876041e-002
4.21696503428598e+003	9.94095052517151e-001,-8.33237349556743e-002
4.26579518801608e+003	9.93958370260956e-001,-8.42781416764967e-002
4.31519076827781e+003	9.93818542442637e-001,-8.52432361429392e-002
4.36515832240182e+003	9.93675497575099e-001,-8.62191295064627e-002
4.41570447353329e+003	9.93529162588911e-001,-8.72059337729267e-002
4.46683592150979e+003	9.93379462799276e-001,-8.82037617978813e-002
4.51855944374939e+003	9.93226321872390e-001,-8.92127272813280e-002
4.57088189614892e+003	9.93069661791213e-001,-9.02329447619258e-002
4.62381021399277e+003	9.92909402820621e-001,-9.12645296106231e-002
4.67735141287215e+003	9.92745463471955e-001,-9.23075980236917e-002
4.73151258961498e+003	9.92577760466943e-001,-9.33622670151404e-002
4.78630092322656e+003	9.92406208701003e-001,-9.44286544084852e-002
4.84172367584117e+003	9.92230721205916e-001,-9.55068788278504e-002
4.89778819368464e+003	9.92051209111866e-001,-9.65970596883773e-002
4.95450190804808e+003	9.91867581608846e-001,-9.76993171859127e-002
5.01187233627291e+003	9.91679745907413e-001,-9.88137722859522e-002
5.06990708274723e+003	9.91487607198805e-001,-9.99405467118100e-002
5.12861383991384e+003	9.91291068614416e-001,-1.01079762931988e-001
5.18800038928980e+003	9.91090031184602e-001,-1.02231544146716e-001
5.24807460249792e+003	9.90884393796855e-001,-1.03396014273624e-001
5.30884444231008e+003	9.90674053153305e-001,-1.04573297932541e-001
5.37031796370273e+003	9.90458903727576e-001,-1.05763520429350e-001
5.43250331492453e+003	9.90238837720978e-001,-1.06966807738906e-001
5.49540873857645e+003	9.90013745018052e-001,-1.08183286486960e-001
5.55904257270424e+003	9.89783513141446e-001,-1.09413083931058e-001
5.62341325190370e+003	9.89548027206149e-001,-1.10656327940391e-001
5.68852930843863e+003	9.89307169873055e-001,-1.11913146974546e-001
5.75439937337179e+003	9.89060821301896e-001,-1.13183670061131e-001
5.82103217770893e+003	9.88808859103513e-001,-1.14468026772231e-001
5.88843655355611e+003	9.88551158291487e-001,-1.15766347199660e-001
5.95662143529033e+003	9.88287591233140e-001,-1.17078761928964e-001
6.02559586074381e+003	9.88018027599894e-001,-1.18405402012145e-001
6.09536897240192e+003	9.87742334317013e-001,-1.19746398939043e-001
6.16595001861506e+003	9.87460375512723e-001,-1.21101884607367e-001
6.23734835482443e+003	9.87172012466732e-001,-1.22471991291290e-001
6.30957344480217e+003	9.86877103558147e-001,-1.23856851608602e-001
6.38263486190573e+003	9.86575504212808e-001,-1.25256598486349e-001
6.45654229034680e+003	9.86267066850055e-001,-1.26671365124923e-001
6.53130552647498e+003	9.85951640828927e-001,-1.28101284960553e-001
6.60693448007622e+003	9.85629072393832e-001,-1.29546491626146e-001
6.68343917568641e+003	9.85299204619679e-001,-1.31007118910430e-001
6.76082975392008e+003	9.84961877356517e-001,-1.32483300715352e-001
6.83911647281456e+003	9.84616927173677e-001,-1.33975171011672e-001
6.91830970918964e+003	9.84264187303461e-001,-1.35482863792700e-001
6.99841996002301e+003	9.83903487584380e-001,-1.37006513026136e-001
7.07945784384166e+003	9.83534654403991e-001,-1.38546252603938e-001
7.16143410212930e+003	9.83157510641337e-001,-1.40102216290174e-001
7.24435960075019e+003	9.82771875609035e-001,-1.41674537666804e-001
7.32824533138933e+003	9.82377564995047e-001,-1.43263350077328e-001
7.41310241300947e+003	9.81974390804142e-001,-1.44868786568237e-001
7.49894209332485e+003	9.81562161299126e-001,-1.46490979828222e-001
7.58577575029214e+003	9.81140680941840e-001,-1.48130062125070e-001
7.67361489361849e+003	9.80709750333998e-001,-1.49786165240187e-001
7.76247116628723e+003	9.80269166157883e-001,-1.51459420400686e-001
7.85235634610103e+003	9.79818721116968e-001,-1.53149958208986e-001
7.94328234724313e+003	9.79358203876503e-001,-1.54857908569842e-001
8.03526122185649e+003	9.78887399004121e-001,-1.56583400614763e-001
8.12830516164132e+003	9.78406086910515e-001,-1.58326562623734e-001
8.22242649947104e+003	9.77914043790255e-001,-1.60087521944190e-001
8.31763771102704e+003	9.77411041562798e-001,-1.61866404907168e-001
8.41395141645229e+003	9.76896847813756e-001,-1.63663336740586e-001
8.51138038202411e+003	9.76371225736502e-001,-1.65478441479559e-001
8.60993752184635e+003	9.75833934074169e-001,-1.67311841873713e-001
8.70963589956116e+003	9.75284727062139e-001,-1.69163659291405e-001
8.81048873008050e+003	9.74723354371086e-001,-1.71034013620810e-001
8.91250938133782e+003	9.74149561050663e-001,-1.72923023167777e-001
9.01571137605994e+003	9.73563087473923e-001,-1.74830804550426e-001
9.12010839355947e+003	9.72963669282568e-001,-1.76757472590381e-001
9.22571427154801e+003	9.72351037333114e-001,-1.78703140200605e-001
9.33254300797029e+003	9.71724917644101e-001,-1.80667918269763e-001
9.44060876285962e+003	9.71085031344401e-001,-1.82651915543037e-001
9.54992586021475e+003	9.70431094622805e-001,-1.84655238499354e-001
9.66050878989853e+003	9.69762818678944e-001,-1.86677991224946e-001
9.77237220955851e+003	9.69079909675708e-001,-1.88720275283196e-001
9.88553094656980e+003	9.68382068693261e-001,-1.90782189580696e-001
1.00000000000004e+004	9.67668991684803e-001,-1.92863830229482e-001
1.01157945425994e+004	9.66940369434212e-001,-1.94965290405373e-001
1.02329299228080e+004	9.66195887515698e-001,-1.97086660202371e-001
1.03514216667939e+004	9.65435226255634e-001,-1.99228026483066e-001
1.04712854805094e+004	9.64658060696715e-001,-2.01389472725012e-001
1.05925372517733e+004	9.63864060564592e-001,-2.03571078863010e-001
1.07151930523765e+004	9.63052890237165e-001,-2.05772921127278e-001
1.08392691402125e+004	9.62224208716702e-001,-2.07995071877457e-001
1.09647819614323e+004	9.61377669604962e-001,-2.10237599432423e-001
1.10917481526245e+004	9.60512921081500e-001,-2.12500567895884e-001
1.12201845430201e+004	9.59629605885367e-001,-2.14784036977725e-001
1.13501081567236e+004	9.58727361300378e-001,-2.17088061811093e-001
1.14815362149693e+004	9.57805819144171e-001,-2.19412692765199e-001
1.16144861384039e+004	9.56864605761260e-001,-2.21757975253840e-001
1.17489755493958e+004	9.55903342020301e-001,-2.24123949539629e-001
1.18850222743707e+004	9.54921643315802e-001,-2.26510650533937e-001
1.20226443461746e+004	9.53919119574491e-001,-2.28918107592577e-001
1.21618600064642e+004	9.52895375266606e-001,-2.31346344307218e-001
1.23026877081243e+004	9.51850009422324e-001,-2.33795378292590e-001
1.24451461177144e+004	9.50782615653598e-001,-2.36265220969490e-001
1.25892541179422e+004	9.49692782181649e-001,-2.38755877343645e-001
1.27350308101672e+004	9.48580091870390e-001,-2.41267345780491e-001
1.28824955169319e+004	9.47444122266026e-001,-2.43799617775919e-001
1.30316677845236e+004	9.46284445643136e-001,-2.46352677723073e-001
1.31825673855646e+004	9.45100629057496e-001,-2.48926502675290e-001
1.33352143216338e+004	9.43892234405937e-001,-2.51521062105260e-001
1.34896288259171e+004	9.42658818493538e-001,-2.54136317660546e-001
1.36458313658898e+004	9.41399933108431e-001,-2.56772222915559e-001
1.38038426460294e+004	9.40115125104550e-001,-2.59428723120146e-001
1.39636836105600e+004	9.38803936492600e-001,-2.62105754944929e-001
1.41253754462282e+004	9.37465904539579e-001,-2.64803246223569e-001
1.42889395851117e+004	9.36100561877156e-001,-2.67521115692130e-001
1.44543977074599e+004	9.34707436619228e-001,-2.70259272725754e-001
1.46217717445678e+004	9.33286052488969e-001,-2.73017617072835e-001
1.47910838816827e+004	9.31835928955709e-001,-2.75796038586964e-001
1.49623565609450e+004	9.30356581381941e-001,-2.78594416956853e-001
1.51356124843627e+004	9.28847521180811e-001,-2.81412621434541e-001
1.53108746168210e+004	9.27308255984394e-001,-2.84250510562151e-001
1.54881661891255e+004	9.25738289823083e-001,-2.87107931897510e-001
1.56675107010822e+004	9.24137123316429e-001,-2.89984721738979e-001
1.58489319246118e+004	9.22504253875731e-001,-2.92880704849807e-001
1.60324539069011e+004	9.20839175918711e-001,-2.95795694182426e-001
1.62181009735900e+004	9.19141381096572e-001,-2.98729490603051e-001
1.64058977319961e+004	9.17410358533768e-001,-3.01681882617011e-001
1.65958690743763e+004	9.15645595080758e-001,-3.04652646095269e-001
1.67880401812264e+004	9.13846575580067e-001,-3.07641544002569e-001
1.69824365246182e+004	9.12012783145914e-001,-3.10648326127730e-001
1.71790838715767e+004	9.10143699457708e-001,-3.13672728816585e-001
1.73780082874945e+004	9.08238805067645e-001,-3.16714474708112e-001
1.75792361395877e+004	9.06297579722684e-001,-3.19773272474329e-001
1.77827941003900e+004	9.04319502701122e-001,-3.22848816564534e-001
1.79887091512887e+004	9.02304053163987e-001,-3.25940786954529e-001
1.81970085861007e+004	9.00250710521468e-001,-3.29048848901452e-001
1.84077200146904e+004	8.98158954814538e-001,-3.32172652704908e-001
1.86208713666295e+004	8.96028267111961e-001,-3.35311833475088e-001
1.88364908948989e+004	8.93858129922796e-001,-3.38466010908603e-001
1.90546071796333e+004	8.91648027624528e-001,-3.41634789072786e-001
1.92752491319102e+004	8.89397446906915e-001,-3.44817756199237e-001
1.94984459975813e+004	8.87105877231588e-001,-3.48014484487415e-001
1.97242273611494e+004	8.84772811307464e-001,-3.51224529919104e-001
1.99526231496897e+004	8.82397745581939e-001,-3.54447432084605e-001
2.01836636368165e+004	8.79980180747840e-001,-3.57682714021524e-001
2.04173794466962e+004	8.77519622266049e-001,-3.60929882067067e-001
2.06538015581062e+004	8.75015580903685e-001,-3.64188425724740e-001
2.08929613085414e+004	8.72467573287697e-001,-3.67457817546421e-001
2.11348903983674e+004	8.69875122473650e-001,-3.70737513030730e-001
2.13796208950233e+004	8.67237758529479e-001,-3.74026950538704e-001
2.16271852372712e+004	8.64555019133898e-001,-3.77325551227751e-001
2.18776162394965e+004	8.61826450189137e-001,-3.80632719004893e-001
2.21309470960574e+004	8.59051606447603e-001,-3.83947840500316e-001
2.23872113856844e+004	8.56230052152020e-001,-3.87270285062261e-001
2.26464430759316e+004	8.53361361688541e-001,-3.90599404774279e-001
2.29086765276788e+004	8.50445120252275e-001,-3.93934534495913e-001
2.31739464996859e+004	8.47480924524606e-001,-3.97274991927821e-001
2.34422881532003e+004	8.44468383361610e-001,-4.00620077702412e-001
2.37137370566177e+004	8.41407118492842e-001,-4.03969075501017e-001
2.39883291901960e+004	8.38296765229677e-001,-4.07321252198634e-001
2.42661009508253e+004	8.35136973182319e-001,-4.10675858037269e-001
2.45470891568515e+004	8.31927406984551e-001,-4.14032126828888e-001
2.48313310529569e+004	8.28667747025202e-001,-4.17389276188962e-001
2.51188643150970e+004	8.25357690185264e-001,-4.20746507801585e-001
2.54097270554942e+004	8.21996950579509e-001,-4.24103007717111e-001
2.57039578276899e+004	8.18585260301372e-001,-4.27457946683217e-001
2.60015956316539e+004	8.15122370169842e-001,-4.30810480510291e-001
2.63026799189551e+004	8.11608050476972e-001,-4.34159750471969e-001
2.66072505979894e+004	8.08042091734614e-001,-4.37504883741649e-001
2.69153480392704e+004	8.04424305418852e-001,-4.40844993865709e-001
2.72270130807804e+004	8.00754524710599e-001,-4.44179181274157e-001
2.75422870333830e+004	7.97032605230712e-001,-4.47506533829341e-001
2.78612116862990e+004	7.93258425767943e-001,-4.50826127413317e-001
2.81838293126459e+004	7.89431888997957e-001,-4.54137026554383e-001
2.85101826750405e+004	7.85552922191623e-001,-4.57438285093237e-001
2.88403150312674e+004	7.81621477910683e-001,-4.60728946889124e-001
2.91742701400131e+004	7.77637534688888e-001,-4.64008046566264e-001
2.95120922666653e+004	7.73601097696611e-001,-4.67274610300779e-001
2.98538261891810e+004	7.69512199386925e-001,-4.70527656648219e-001
3.01995172040216e+004	7.65370900121063e-001,-4.73766197411728e-001
3.05492111321566e+004	7.61177288771166e-001,-4.76989238550771e-001
3.09029543251374e+004	7.56931483298176e-001,-4.80195781130245e-001
3.12607936712411e+004	7.52633631302700e-001,-4.83384822309701e-001
3.16227766016853e+004	7.48283910546667e-001,-4.86555356372289e-001
3.19889510969155e+004	7.43882529443553e-001,-4.89706375792925e-001
3.23593656929644e+004	7.39429727514991e-001,-4.92836872345074e-001
3.27340694878854e+004	7.34925775811500e-001,-4.95945838245422e-001
3.31131121482607e+004	7.30370977295166e-001,-4.99032267335593e-001
3.34965439157844e+004	7.25765667182033e-001,-5.02095156299945e-001
3.38844156139219e+004	7.21110213242034e-001,-5.05133505918377e-001
3.42767786546467e+004	7.16405016054308e-001,-5.08146322352930e-001
3.46736850452549e+004	7.11650509215754e-001,-5.11132618466887e-001
3.50751873952585e+004	7.06847159500759e-001,-5.14091415174906e-001
3.54813389233593e+004	7.01995466970060e-001,-5.17021742822673e-001
3.58921934645023e+004	6.97095965026743e-001,-5.19922642594371e-001
3.63078054770119e+004	6.92149220417500e-001,-5.22793167946220e-001
3.67282300498103e+004	6.87155833177272e-001,-5.25632386064196e-001
3.71535229097191e+004	6.82116436515547e-001,-5.28439379343937e-001
3.75837404288463e+004	6.77031696642631e-001,-5.31213246890772e-001
3.80189396320580e+004	6.71902312534313e-001,-5.33953106037695e-001
3.84591782045373e+004	6.66729015633482e-001,-5.36658093879013e-001
3.89045144994300e+004	6.61512569487304e-001,-5.39327368817370e-001
3.93550075455797e+004	6.56253769318742e-001,-5.41960112121709e-001
3.98107170553517e+004	6.50953441531284e-001,-5.44555529493735e-001
4.02717034325479e+004	6.45612443145890e-001,-5.47112852640360e-001
4.07380277804133e+004	6.40231661169298e-001,-5.49631340849573e-001
4.12097519097351e+004	6.34812011892953e-001,-5.52110282567167e-001
4.16869383470356e+004	6.29354440121983e-001,-5.54548996971714e-001
4.21696503428603e+004	6.23859918333762e-001,-5.56946835545189e-001
4.26579518801614e+004	6.18329445765761e-001,-5.59303183636642e-001
4.31519076827787e+004	6.12764047432517e-001,-5.61617462016359e-001
4.36515832240188e+004	6.07164773071694e-001,-5.63889128417935e-001
4.41570447353335e+004	6.01532696019364e-001,-5.66117679065814e-001
4.46683592150986e+004	5.95868912014742e-001,-5.68302650185819e-001
4.51855944374945e+004	5.90174537934769e-001,-5.70443619496350e-001
4.57088189614898e+004	5.84450710459052e-001,-5.72540207677979e-001
4.62381021399284e+004	5.78698584665784e-001,-5.74592079819291e-001
4.67735141287222e+004	5.72919332559395e-001,-5.76598946836939e-001
4.73151258961505e+004	5.67114141530761e-001,-5.78560566868027e-001
4.78630092322663e+004	5.61284212750923e-001,-5.80476746633093e-001
4.84172367584124e+004	5.55430759499305e-001,-5.82347342768108e-001
4.89778819368471e+004	5.49555005427529e-001,-5.84172263124123e-001
4.95450190804816e+004	5.43658182759928e-001,-5.85951468033391e-001
5.01187233627298e+004	5.37741530431933e-001,-5.87684971540976e-001
5.06990708274730e+004	5.31806292167478e-001,-5.89372842601137e-001
5.12861383991391e+004	5.25853714496600e-001,-5.91015206237985e-001
5.18800038928988e+004	5.19885044714353e-001,-5.92612244670174e-001
5.24807460249800e+004	5.13901528782099e-001,-5.94164198399684e-001
5.30884444231016e+004	5.07904409172181e-001,-5.95671367264994e-001
5.37031796370280e+004	5.01894922656848e-001,-5.97134111459286e-001
5.43250331492461e+004	4.95874298042182e-001,-5.98552852514598e-001
5.49540873857653e+004	4.89843753847576e-001,-5.99928074253184e-001
5.55904257270432e+004	4.83804495931157e-001,-6.01260323707649e-001
5.62341325190378e+004	4.77757715061246e-001,-6.02550212011806e-001
5.68852930843871e+004	4.71704584433705e-001,-6.03798415264509e-001
5.75439937337187e+004	4.65646257134687e-001,-6.05005675369111e-001
5.82103217770902e+004	4.59583863547924e-001,-6.06172800851555e-001
5.88843655355620e+004	4.53518508705289e-001,-6.07300667660491e-001
5.95662143529041e+004	4.47451269578885e-001,-6.08390219953169e-001
6.02559586074389e+004	4.41383192312402e-001,-6.09442470871307e-001
6.09536897240201e+004	4.35315289388883e-001,-6.10458503311487e-001
6.16595001861514e+004	4.29248536731417e-001,-6.11439470695045e-001
6.23734835482452e+004	4.23183870732542e-001,-6.12386597742873e-001
6.30957344480226e+004	4.17122185207353e-001,-6.13301181260913e-001
6.38263486190582e+004	4.11064328264451e-001,-6.14184590942592e-001
6.45654229034689e+004	4.05011099087887e-001,-6.15038270194866e-001
6.53130552647507e+004	3.98963244622232e-001,-6.15863736994958e-001
6.60693448007631e+004	3.92921456151692e-001,-6.16662584785332e-001
6.68343917568650e+004	3.86886365762980e-001,-6.17436483414886e-001
6.76082975392017e+004	3.80858542680167e-001,-6.18187180134768e-001
6.83911647281465e+004	3.74838489458283e-001,-6.18916500657707e-001
6.91830970918973e+004	3.68826638020647e-001,-6.19626350290142e-001
6.99841996002310e+004	3.62823345523103e-001,-6.20318715146925e-001
7.07945784384175e+004	3.56828890026249e-001,-6.20995663458789e-001
7.16143410212940e+004	3.50843465954449e-001,-6.21659346983208e-001
7.24435960075028e+004	3.44867179317942e-001,-6.22312002529706e-001
7.32824533138943e+004	3.38900042671548e-001,-6.22955953611082e-001
7.41310241300957e+004	3.32941969780409e-001,-6.23593612232397e-001
7.49894209332496e+004	3.26992769959775e-001,-6.24227480829953e-001
7.58577575029224e+004	3.21052142052061e-001,-6.24860154372790e-001
7.67361489361860e+004	3.15119668000174e-001,-6.25494322639531e-001
7.76247116628733e+004	3.09194805971420e-001,-6.26132772683604e-001
7.85235634610114e+004	3.03276882981060e-001,-6.26778391500003e-001
7.94328234724324e+004	2.97365086958721e-001,-6.27434168906792e-001
8.03526122185660e+004	2.91458458194335e-001,-6.28103200654436e-001
8.12830516164143e+004	2.85555880092954e-001,-6.28788691775801e-001
8.22242649947115e+004	2.79656069159532e-001,-6.29493960189148e-001
8.31763771102716e+004	2.73757564125568e-001,-6.30222440565771e-001
8.41395141645240e+004	2.67858714119070e-001,-6.30977688472790e-001
8.51138038202422e+004	2.61957665767627e-001,-6.31763384800208e-001
8.60993752184647e+004	2.56052349111143e-001,-6.32583340479332e-001
8.70963589956128e+004	2.50140462185893e-001,-6.33441501497051e-001
8.81048873008062e+004	2.44219454124694e-001,-6.34341954207125e-001
8.91250938133794e+004	2.38286506598886e-001,-6.35288930935277e-001
9.01571137606006e+004	2.32338513406209e-001,-6.36286815869365e-001
9.12010839355959e+004	2.26372057984104e-001,-6.37340151218977e-001
9.22571427154813e+004	2.20383388600087e-001,-6.38453643619951e-001
9.33254300797042e+004	2.14368390939204e-001,-6.39632170748384e-001
9.44060876285975e+004	2.08322557772477e-001,-6.40880788094936e-001
9.54992586021488e+004	2.02240955349283e-001,-6.42204735833094e-001
9.66050878989866e+004	1.96118186109818e-001,-6.43609445693808e-001
9.77237220955864e+004	1.89948347260527e-001,-6.45100547732478e-001
9.88553094656993e+004	1.83724984694647e-001,-6.46683876841442e-001
1.00000000000005e+005	1.77441041670712e-001,-6.48365478820524e-001
1.01157945425995e+005	1.71088801582834e-001,-6.50151615767840e-001
1.02329299228081e+005	1.64659824066538e-001,-6.52048770490690e-001
1.03514216667940e+005	1.58144873581200e-001,-6.54063649559136e-001
1.04712854805096e+005	1.51533839493356e-001,-6.56203184529215e-001
1.05925372517735e+005	1.44815646552222e-001,-6.58474530744130e-001
1.07151930523767e+005	1.37978154498096e-001,-6.60885062974826e-001
1.08392691402126e+005	1.31008045373711e-001,-6.63442366979008e-001
1.09647819614325e+005	1.23890696916330e-001,-6.66154225831357e-001
1.10917481526246e+005	1.16610040192585e-001,-6.69028599596618e-001
1.12201845430203e+005	1.09148399397458e-001,-6.72073596567818e-001
1.13501081567238e+005	1.01486311472798e-001,-6.75297433857223e-001
1.14815362149695e+005	9.36023229099833e-002,-6.78708384586598e-001
1.16144861384041e+005	8.54727607885032e-002,-6.82314708249304e-001
1.17489755493960e+005	7.70714747730053e-002,-6.86124559976760e-001
1.18850222743708e+005	6.83695464562299e-002,-6.90145873394309e-001
1.20226443461748e+005	5.93349621115524e-002,-6.94386210445218e-001
1.21618600064644e+005	4.99322446341448e-002,-6.98852569932446e-001
1.23026877081245e+005	4.01220402464114e-002,-7.03551144497163e-001
1.24451461177145e+005	2.98606554851047e-002,-7.08487013224139e-001
1.25892541179424e+005	1.90995401687248e-002,-7.13663753919729e-001
1.27350308101673e+005	7.78471260246827e-003,-7.19082955207859e-001
1.28824955169321e+005	-4.14387558625617e-003,-7.24743603768341e-001
1.30316677845237e+005	-1.67530355893730e-002,-7.30641316112048e-001
1.31825673855648e+005	-3.01170958738214e-002,-7.36767377044511e-001
1.33352143216340e+005	-4.43187071713709e-002,-7.43107538207635e-001
1.34896288259173e+005	-5.94496824540254e-002,-7.49640519632836e-001
1.36458313658900e+005	-7.56118448114883e-002,-7.56336144999888e-001
1.38038426460296e+005	-9.29178393201711e-002,-7.63153027373379e-001
1.39636836105602e+005	-1.11491840819144e-001,-7.70035707036846e-001
1.41253754462283e+005	-1.31470055276482e-001,-7.76911127744153e-001
1.42889395851118e+005	-1.53000864667135e-001,-7.83684324393323e-001
1.44543977074601e+005	-1.76244399732889e-001,-7.90233187644304e-001
1.46217717445680e+005	-2.01371236789564e-001,-7.96402175866557e-001
1.47910838816829e+005	-2.28559799009233e-001,-8.01994872562736e-001
1.49623565609452e+005	-2.57991895839169e-001,-8.06765354427578e-001
1.51356124843629e+005	-2.89845657091997e-001,-8.10408465709069e-001
1.53108746168212e+005	-3.24284920631044e-001,-8.12549322548036e-001
1.54881661891257e+005	-3.61443941973766e-001,-8.12732740681489e-001
1.56675107010824e+005	-4.01406168397967e-001,-8.10413842079128e-001
1.58489319246120e+005	-4.44175864468536e-001,-8.04951895749305e-001
1.60324539069013e+005	-4.89641760777153e-001,-7.95610496056996e-001
1.62181009735902e+005	-5.37532867258927e-001,-7.81568402426993e-001
1.64058977319963e+005	-5.87368440817944e-001,-7.61946511634035e-001
1.65958690743766e+005	-6.38407074110260e-001,-7.35856991838404e-001
1.67880401812266e+005	-6.89603973950439e-001,-7.02479721073897e-001
1.69824365246184e+005	-7.39590123124437e-001,-6.61167727875275e-001
1.71790838715769e+005	-7.86690589579720e-001,-6.11576356613047e-001
1.73780082874948e+005	-8.28999087872690e-001,-5.53800398821470e-001
1.75792361395879e+005	-8.64518900211015e-001,-4.88491597922077e-001
1.77827941003903e+005	-8.91364725581613e-001,-4.16920680082411e-001
1.79887091512889e+005	-9.07998237348882e-001,-3.40949985293261e-001
1.81970085861009e+005	-9.13449841332911e-001,-2.62899490657927e-001
1.84077200146906e+005	-9.07471330806117e-001,-1.85318425079454e-001
1.86208713666298e+005	-8.90576659105984e-001,-1.10706046882548e-001
1.88364908948991e+005	-8.63958818257385e-001,-4.12436381785724e-002
1.90546071796336e+005	-8.29307011418504e-001,2.14043828484537e-002
1.92752491319105e+005	-7.88573710724235e-001,7.61868798025941e-002
1.94984459975816e+005	-7.43746267195129e-001,1.22658936991503e-001
1.97242273611497e+005	-6.96664368492971e-001,1.60896107387223e-001
1.99526231496900e+005	-6.48902634435129e-001,1.91366130161330e-001
2.01836636368168e+005	-6.01717416178418e-001,2.14791921587348e-001
2.04173794466965e+005	-5.56044293276698e-001,2.32029415568154e-001
2.06538015581065e+005	-5.12528465841775e-001,2.43972038987543e-001
2.08929613085416e+005	-4.71571741622608e-001,2.51484228112984e-001
2.11348903983677e+005	-4.33384013463047e-001,2.55360715467069e-001
2.13796208950236e+005	-3.98031693262715e-001,2.56305894449776e-001
2.16271852372715e+005	-3.65479311284458e-001,2.54927305795933e-001
2.18776162394968e+005	-3.35623056759053e-001,2.51738135287687e-001
2.21309470960577e+005	-3.08316544598943e-001,2.47164830040520e-001
2.23872113856847e+005	-2.83389826589441e-001,2.41557120068069e-001
2.26464430759319e+005	-2.60662906940649e-001,2.35198697255069e-001
2.29086765276791e+005	-2.39954990719185e-001,2.28317517604434e-001
2.31739464996862e+005	-2.21090535536190e-001,2.21095182219610e-001
2.34422881532006e+005	-2.03902978593127e-001,2.13675167305766e-001
2.37137370566180e+005	-1.88236818319481e-001,2.06169862934583e-001
2.39883291901963e+005	-1.73948562501268e-001,1.98666485259232e-001
2.42661009508256e+005	-1.60906918880085e-001,1.91231977770616e-001
2.45470891568518e+005	-1.48992498454650e-001,1.83917035328944e-001
2.48313310529572e+005	-1.38097221912422e-001,1.76759384202194e-001
2.51188643150973e+005	-1.28123560761205e-001,1.69786441160642e-001
2.54097270554946e+005	-1.18983702113357e-001,1.63017460267714e-001
2.57039578276902e+005	-1.10598695699787e-001,1.56465260526532e-001
2.60015956316543e+005	-1.02897620353649e-001,1.50137612692923e-001
2.63026799189554e+005	-9.58167924327722e-002,1.44038350169453e-001
2.66072505979897e+005	-8.92990285870634e-002,1.38168257254985e-001
2.69153480392708e+005	-8.32929685512804e-002,1.32525778157374e-001
2.72270130807808e+005	-7.77524592574931e-002,1.27107581954339e-001
2.75422870333833e+005	-7.26359987980509e-002,1.21909011917140e-001
2.78612116862994e+005	-6.79062371181558e-002,1.16924442084606e-001
2.81838293126463e+005	-6.35295294163781e-002,1.12147559490765e-001
2.85101826750408e+005	-5.94755378288709e-002,1.07571586826955e-001
2.88403150312678e+005	-5.57168768929992e-002,1.03189457402191e-001
2.91742701400135e+005	-5.22287984076955e-002,9.89939519213273e-002
2.95120922666657e+005	-4.89889115487566e-002,9.49778047190956e-002
2.98538261891814e+005	-4.59769344022004e-002,9.11337855793024e-002
3.01995172040220e+005	-4.31744734112195e-002,8.74547620587783e-002
3.05492111321570e+005	-4.05648275687304e-002,8.39337462658545e-002
3.09029543251378e+005	-3.81328145134414e-002,8.05639292653520e-002
3.12607936712415e+005	-3.58646159942425e-002,7.73387056580291e-002
3.16227766016857e+005	-3.37476404510762e-002,7.42516903814411e-002
3.19889510969160e+005	-3.17704007184541e-002,7.12967293766856e-002
3.23593656929648e+005	-2.99224050903306e-002,6.84679054419505e-002
3.27340694878859e+005	-2.81940601930538e-002,6.57595403334681e-002
3.31131121482612e+005	-2.65765842981061e-002,6.31661939649109e-002
3.34965439157849e+005	-2.50619298701770e-002,6.06826613874377e-002
3.38844156139224e+005	-2.36427142907184e-002,5.83039680965137e-002
3.42767786546472e+005	-2.23121578244720e-002,5.60253641018855e-002
3.46736850452553e+005	-2.10640280083935e-002,5.38423171085589e-002
3.50751873952590e+005	-1.98925897406733e-002,5.17505050851985e-002
3.54813389233598e+005	-1.87925604337635e-002,4.97458084387306e-002
3.58921934645028e+005	-1.77590696709065e-002,4.78243019674343e-002
3.63078054770124e+005	-1.67876228719309e-002,4.59822467273224e-002
3.67282300498108e+005	-1.58740685321677e-002,4.42160819164015e-002
3.71535229097196e+005	-1.50145686492818e-002,4.25224168570957e-002
3.75837404288468e+005	-1.42055719974936e-002,4.08980231375808e-002
3.80189396320585e+005	-1.34437899478785e-002,3.93398269571063e-002
3.84591782045378e+005	-1.27261745678702e-002,3.78449017078510e-002
3.89045144994305e+005	-1.20498987633508e-002,3.64104608158631e-002
3.93550075455802e+005	-1.14123382533239e-002,3.50338508556976e-002
3.98107170553522e+005	-1.08110551905892e-002,3.37125449470981e-002
4.02717034325485e+005	-1.02437832624695e-002,3.24441364371471e-002
4.07380277804139e+005	-9.70841412383624e-003,3.12263328674820e-002
4.12097519097356e+005	-9.20298503073389e-003,3.00569502232275e-002
4.16869383470362e+005	-8.72566755709055e-003,2.89339074580577e-002
4.21696503428609e+005	-8.27475728954582e-003,2.78552212881371e-002
4.26579518801620e+005	-7.84866440653069e-003,2.68190012464870e-002
4.31519076827793e+005	-7.44590505757386e-003,2.58234449884811e-002
4.36515832240194e+005	-7.06509346753726e-003,2.48668338386325e-002
4.41570447353341e+005	-6.70493469823299e-003,2.39475285685186e-002
4.46683592150992e+005	-6.36421800676299e-003,2.30639653955565e-002
4.51855944374951e+005	-6.04181074605206e-003,2.22146521923528e-002
4.57088189614904e+005	-5.73665275850486e-003,2.13981648964727e-002
4.62381021399290e+005	-5.44775121858519e-003,2.06131441106717e-002
4.67735141287228e+005	-5.17417588446136e-003,1.98582918839023e-002
4.73151258961511e+005	-4.91505472274336e-003,1.91323686637160e-002
4.78630092322669e+005	-4.66956987380970e-003,1.84341904110227e-002
4.84172367584131e+005	-4.43695392833056e-003,1.77626258685304e-002
4.89778819368478e+005	-4.21648648837944e-003,1.71165939745654e-002
4.95450190804822e+005	-4.00749098902473e-003,1.64950614143472e-002
5.01187233627305e+005	-3.80933175853657e-003,1.58970403011746e-002
5.06990708274737e+005	-3.62141129736132e-003,1.53215859803522e-002
5.12861383991398e+005	-3.44316775783064e-003,1.47677949490527e-002
5.18800038928995e+005	-3.27407260820622e-003,1.42348028856683e-002
5.24807460249807e+005	-3.11362846613415e-003,1.37217827825485e-002
5.30884444231023e+005	-2.96136708791199e-003,1.32279431763542e-002
5.37031796370288e+005	-2.81684750117139e-003,1.27525264705769e-002
5.43250331492469e+005	-2.67965426966411e-003,1.22948073450771e-002
5.49540873857661e+005	-2.54939587982033e-003,1.18540912477850e-002
5.55904257270440e+005	-2.42570323963660e-003,1.14297129639837e-002
5.62341325190386e+005	-2.30822828125625e-003,1.10210352588590e-002
5.68852930843879e+005	-2.19664265933504e-003,1.06274475892446e-002
5.75439937337195e+005	-2.09063653794801e-003,1.02483648807319e-002
5.82103217770910e+005	-1.98991745939584e-003,9.88322636652987e-003
5.88843655355628e+005	-1.89420928881652e-003,9.53149448467606e-003
5.95662143529050e+005	-1.80325122900671e-003,9.19265383039389e-003
6.02559586074397e+005	-1.71679690031116e-003,8.86621016057917e-003
6.09536897240209e+005	-1.63461348085191e-003,8.55168944757469e-003
6.16595001861523e+005	-1.55648090274699e-003,8.24863697955682e-003
6.23734835482460e+005	-1.48219110031211e-003,7.95661650501356e-003
6.30957344480235e+005	-1.41154730655438e-003,7.67520941894010e-003
6.38263486190591e+005	-1.34436339455402e-003,7.40401398851547e-003
6.45654229034698e+005	-1.28046326059392e-003,7.14264461615313e-003
6.53130552647516e+005	-1.21968024613751e-003,6.89073113794002e-003
6.60693448007640e+005	-1.16185659597647e-003,6.64791815559305e-003
6.68343917568659e+005	-1.10684295007210e-003,6.41386440016893e-003
6.76082975392027e+005	-1.05449786680006e-003,6.18824212586459e-003
6.83911647281475e+005	-1.00468737547866e-003,5.97073653233998e-003
6.91830970918982e+005	-9.57284556217548e-004,5.76104521408416e-003
6.99841996002320e+005	-9.12169145267730e-004,5.55887763542931e-003
7.07945784384185e+005	-8.69227164186416e-004,5.36395462989598e-003
7.16143410212950e+005	-8.28350571251970e-004,5.17600792262672e-003
7.24435960075038e+005	-7.89436933676814e-004,4.99477967473475e-003
7.32824533138953e+005	-7.52389119269532e-004,4.82002204845971e-003
7.41310241300967e+005	-7.17115006293009e-004,4.65149679208388e-003
7.49894209332506e+005	-6.83527210353490e-004,4.48897484362000e-003
7.58577575029235e+005	-6.51542827236866e-004,4.33223595233606e-003
7.67361489361870e+005	-6.21083190683625e-004,4.18106831723375e-003
7.76247116628744e+005	-5.92073644163440e-004,4.03526824164504e-003
7.85235634610125e+005	-5.64443325774584e-004,3.89463980315679e-003
7.94328234724335e+005	-5.38124965452891e-004,3.75899453811582e-003
8.03526122185671e+005	-5.13054693730037e-004,3.62815114000699e-003
8.12830516164154e+005	-4.89171861331936e-004,3.50193517103439e-003
8.22242649947127e+005	-4.66418868955354e-004,3.38017878627171e-003
8.31763771102727e+005	-4.44741006604732e-004,3.26272046978098e-003
8.41395141645252e+005	-4.24086301911848e-004,3.14940478213061e-003
8.51138038202434e+005	-4.04405376898832e-004,3.04008211877347e-003
8.60993752184659e+005	-3.85651312680066e-004,2.93460847877373e-003
8.70963589956140e+005	-3.67779521631167e-004,2.83284524339773e-003
8.81048873008074e+005	-3.50747626583577e-004,2.73465896410902e-003
8.91250938133806e+005	-3.34515346631477e-004,2.63992115953140e-003
9.01571137606018e+005	-3.19044389164029e-004,2.54850812096599e-003
9.12010839355972e+005	-3.04298347760372e-004,2.46030072606938e-003
9.22571427154826e+005	-2.90242605607581e-004,2.37518426031963e-003
9.33254300797055e+005	-2.76844244123027e-004,2.29304824591586e-003
9.44060876285988e+005	-2.64071956482356e-004,2.21378627777470e-003
9.54992586021501e+005	-2.51895965772770e-004,2.13729586630371e-003
9.66050878989880e+005	-2.40287947508496e-004,2.06347828664754e-003
9.77237220955878e+005	-2.29220956261448e-004,1.99223843411791e-003
9.88553094657007e+005	-2.18669356175058e-004,1.92348468553228e-003
1.00000000000007e+006	-2.08608755143305e-004,1.85712876619968e-003
1.01157945425997e+006	-1.99015942450106e-004,1.79308562230483e-003
1.02329299228082e+006	-1.89868829676450e-004,1.73127329845375e-003
1.03514216667942e+006	-1.81146394694153e-004,1.67161282015520e-003
1.04712854805097e+006	-1.72828628575874e-004,1.61402808102343e-003
1.05925372517736e+006	-1.64896485261012e-004,1.55844573449753e-003
1.07151930523768e+006	-1.57331833826585e-004,1.50479508988272e-003
1.08392691402128e+006	-1.50117413220976e-004,1.45300801252787e-003
1.09647819614326e+006	-1.43236789326685e-004,1.40301882796223e-003
1.10917481526248e+006	-1.36674314226006e-004,1.35476422982276e-003
1.12201845430204e+006	-1.30415087550773e-004,1.30818319141118e-003
1.13501081567239e+006	-1.24444919804176e-004,1.26321688072731e-003
1.14815362149696e+006	-1.18750297549009e-004,1.21980857883223e-003
1.16144861384042e+006	-1.13318350362737e-004,1.17790360140180e-003
1.17489755493961e+006	-1.08136819465414e-004,1.13744922333702e-003
1.18850222743710e+006	-1.03194027931753e-004,1.09839460630415e-003
1.20226443461750e+006	-9.84788524036649e-005,1.06069072908288e-003
1.21618600064645e+006	-9.39806962242354e-005,1.02429032060679e-003
1.23026877081247e+006	-8.96894639185163e-005,9.89147795584917e-004
1.24451461177147e+006	-8.55955369506538e-005,9.55219192598851e-004
1.25892541179426e+006	-8.16897506907601e-005,9.22462114573887e-004
1.27350308101675e+006	-7.79633725286049e-005,8.90835671527647e-004
1.28824955169322e+006	-7.44080810746503e-005,8.60300425503660e-004
1.30316677845239e+006	-7.10159463922032e-005,8.30818337601446e-004
1.31825673855650e+006	-6.77794112075161e-005,8.02352717018569e-004
1.33352143216342e+006	-6.46912730475528e-005,7.74868172023741e-004
1.34896288259175e+006	-6.17446672578502e-005,7.48330562783610e-004
1.36458313658902e+006	-5.89330508554686e-005,7.22706955969141e-004
1.38038426460298e+006	-5.62501871744377e-005,6.97965581070747e-004
1.39636836105604e+006	-5.36901312633831e-005,6.74075788354293e-004
1.41253754462285e+006	-5.12472159971658e-005,6.51008008393036e-004
1.42889395851120e+006	-4.89160388663955e-005,6.28733713113290e-004
1.44543977074603e+006	-4.66914494105900e-005,6.07225378294244e-004
1.46217717445682e+006	-4.45685372625614e-005,5.86456447464874e-004
1.47910838816831e+006	-4.25426207733126e-005,5.66401297143262e-004
1.49623565609454e+006	-4.06092361883435e-005,5.47035203365971e-004
1.51356124843632e+006	-3.87641273477808e-005,5.28334309457229e-004
1.53108746168214e+006	-3.70032358841901e-005,5.10275594989833e-004
1.54881661891259e+006	-3.53226918932844e-005,4.92836845891632e-004
1.56675107010826e+006	-3.37188050540285e-005,4.75996625653353e-004
1.58489319246123e+006	-3.21880561758530e-005,4.59734247595367e-004
1.60324539069016e+006	-3.07270891518420e-005,4.44029748152706e-004
1.62181009735905e+006	-2.93327032978426e-005,4.28863861139314e-004
1.64058977319966e+006	-2.80018460584748e-005,4.14217992954108e-004
1.65958690743768e+006	-2.67316060619901e-005,4.00074198692916e-004
1.67880401812268e+006	-2.55192065068514e-005,3.86415159131839e-004
1.69824365246187e+006	-2.43619988637742e-005,3.73224158548948e-004
1.71790838715771e+006	-2.32574568777971e-005,3.60485063352575e-004
1.73780082874950e+006	-2.22031708557292e-005,3.48182301485707e-004
1.75792361395882e+006	-2.11968422250626e-005,3.36300842577225e-004
1.77827941003905e+006	-2.02362783511392e-005,3.24826178811877e-004
1.79887091512892e+006	-1.93193876000238e-005,3.13744306492008e-004
1.81970085861011e+006	-1.84441746351663e-005,3.03041708265124e-004
1.84077200146909e+006	-1.76087359365322e-005,2.92705335992377e-004
1.86208713666300e+006	-1.68112555314433e-005,2.82722594234075e-004
1.88364908948994e+006	-1.60500009269097e-005,2.73081324329214e-004
1.90546071796338e+006	-1.53233192337410e-005,2.63769789046956e-004
1.92752491319107e+006	-1.46296334732051e-005,2.54776657788829e-004
1.94984459975819e+006	-1.39674390574618e-005,2.46090992321252e-004
1.97242273611500e+006	-1.33353004354328e-005,2.37702233018773e-004
1.99526231496902e+006	-1.27318478961769e-005,2.29600185599180e-004
2.01836636368171e+006	-1.21557745222342e-005,2.21775008332350e-004
2.04173794466968e+006	-1.16058332857713e-005,2.14217199705429e-004
2.06538015581068e+006	-1.10808342807100e-005,2.06917586527575e-004
2.08929613085419e+006	-1.05796420843583e-005,1.99867312458153e-004
2.11348903983680e+006	-1.01011732423763e-005,1.93057826942888e-004
2.13796208950239e+006	-9.64439387121382e-006,1.86480874543070e-004
2.16271852372718e+006	-9.20831737243838e-006,1.80128484643461e-004
2.18776162394971e+006	-8.79200225364663e-006,1.73992961525124e-004
2.21309470960580e+006	-8.39455005090817e-006,1.68066874789883e-004
2.23872113856850e+006	-8.01510334793613e-006,1.62343050123661e-004
2.26464430759322e+006	-7.65284388741119e-006,1.56814560386387e-004
2.29086765276794e+006	-7.30699077010672e-006,1.51474717016658e-004
2.31739464996865e+006	-6.97679873767275e-006,1.46317061739764e-004
2.34422881532009e+006	-6.66155653513576e-006,1.41335358568122e-004
2.37137370566183e+006	-6.36058534936130e-006,1.36523586083573e-004
2.39883291901966e+006	-6.07323731990622e-006,1.31875929991380e-004
2.42661009508259e+006	-5.79889411885910e-006,1.27386775936164e-004
2.45470891568521e+006	-5.53696559643015e-006,1.23050702570351e-004
2.48313310529575e+006	-5.28688848920683e-006,1.18862474866081e-004
2.51188643150976e+006	-5.04812518813872e-006,1.14817037661842e-004
2.54097270554949e+006	-4.82016256345525e-006,1.10909509435426e-004
2.57039578276905e+006	-4.60251084385332e-006,1.07135176295113e-004
2.60015956316546e+006	-4.39470254741815e-006,1.03489486181297e-004
2.63026799189557e+006	-4.19629146186186e-006,9.99680432710202e-005
2.66072505979900e+006	-4.00685167177845e-006,9.65666025782127e-005
2.69153480392711e+006	-3.82597663072314e-006,9.32810647426411e-005
2.72270130807811e+006	-3.65327827602807e-006,9.01074710008719e-005
2.75422870333837e+006	-3.48838618436484e-006,8.70419983327740e-005
2.78612116862998e+006	-3.33094676615861e-006,8.40809547773285e-005
2.81838293126466e+006	-3.18062249704778e-006,8.12207749117420e-005
2.85101826750412e+006	-3.03709118466878e-006,7.84580154880788e-005
2.88403150312682e+006	-2.90004526912612e-006,7.57893512218314e-005
2.91742701400138e+006	-2.76919115558534e-006,7.32115707270605e-005
2.95120922666660e+006	-2.64424857749996e-006,7.07215725929225e-005
2.98538261891818e+006	-2.52494998905327e-006,6.83163615965927e-005
3.01995172040224e+006	-2.41103998546261e-006,6.59930450477739e-005
3.05492111321574e+006	-2.30227474985716e-006,6.37488292601527e-005
3.09029543251382e+006	-2.19842152550050e-006,6.15810161453315e-005
3.12607936712419e+006	-2.09925811218702e-006,5.94869999249280e-005
3.16227766016862e+006	-2.00457238569555e-006,5.74642639566862e-005
3.19889510969164e+006	-1.91416183923641e-006,5.55103776705945e-005
3.23593656929652e+006	-1.82783314587698e-006,5.36229936111467e-005
3.27340694878863e+006	-1.74540174097898e-006,5.17998445820257e-005
3.31131121482616e+006	-1.66669142372514e-006,5.00387408896152e-005
3.34965439157853e+006	-1.59153397685625e-006,4.83375676818819e-005
3.38844156139228e+006	-1.51976880378027e-006,4.66942823792849e-005
3.42767786546476e+006	-1.45124258225447e-006,4.51069121944967e-005
3.46736850452558e+006	-1.38580893387828e-006,4.35735517378291e-005
3.50751873952594e+006	-1.32332810867027e-006,4.20923607053697e-005
3.54813389233602e+006	-1.26366668403637e-006,4.06615616469419e-005
3.58921934645032e+006	-1.20669727746832e-006,3.92794378111022e-005
3.63078054770129e+006	-1.15229827234233e-006,3.79443310644890e-005
3.67282300498112e+006	-1.10035355621685e-006,3.66546398829317e-005
3.71535229097201e+006	-1.05075227105623e-006,3.54088174118194e-005
3.75837404288473e+006	-1.00338857483372e-006,3.42053695933202e-005
3.80189396320590e+006	-9.58161413992274e-007,3.30428533581225e-005
3.84591782045383e+006	-9.14974306265910e-007,3.19198748794582e-005
3.89045144994310e+006	-8.73735133387304e-007,3.08350878872391e-005
3.93550075455807e+006	-8.34355943229123e-007,2.97871920402219e-005
3.98107170553527e+006	-7.96752760947520e-007,2.87749313541853e-005
4.02717034325490e+006	-7.60845408716115e-007,2.77970926841757e-005
4.07380277804144e+006	-7.26557333657737e-007,2.68525042589460e-005
4.12097519097362e+006	-6.93815443599276e-007,2.59400342657794e-005
4.16869383470367e+006	-6.62549950292291e-007,2.50585894839501e-005
4.21696503428614e+006	-6.32694219758379e-007,2.42071139651380e-005
4.26579518801625e+006	-6.04184629434064e-007,2.33845877591710e-005
4.31519076827798e+006	-5.76960431804873e-007,2.25900256835269e-005
4.36515832240199e+006	-5.50963624232533e-007,2.18224761350804e-005
4.41570447353346e+006	-5.26138824692810e-007,2.10810199426356e-005
4.46683592150997e+006	-5.02433153154506e-007,2.03647692588328e-005
4.51855944374957e+006	-4.79796118342423e-007,1.96728664900713e-005
4.57088189614910e+006	-4.58179509639010e-007,1.90044832631336e-005
4.62381021399296e+006	-4.37537293890520e-007,1.83588194272450e-005
4.67735141287234e+006	-4.17825516894344e-007,1.77351020903450e-005
4.73151258961517e+006	-3.99002209354359e-007,1.71325846883912e-005
4.78630092322675e+006	-3.81027297100901e-007,1.65505460865563e-005
4.84172367584137e+006	-3.63862515381277e-007,1.59882897112179e-005
4.89778819368484e+006	-3.47471327035628e-007,1.54451427116814e-005
4.95450190804829e+006	-3.31818844381404e-007,1.49204551506113e-005
5.01187233627311e+006	-3.16871754637785e-007,1.44135992221811e-005
5.06990708274744e+006	-3.02598248729133e-007,1.39239684969896e-005
5.12861383991405e+006	-2.88967953313846e-007,1.34509771928207e-005
5.18800038929001e+006	-2.75951865892064e-007,1.29940594703582e-005
5.24807460249813e+006	-2.63522292852325e-007,1.25526687529979e-005
5.30884444231030e+006	-2.51652790323678e-007,1.21262770699269e-005
5.37031796370294e+006	-2.40318107705825e-007,1.17143744216719e-005
5.43250331492475e+006	-2.29494133755716e-007,1.13164681673436e-005
5.49540873857667e+006	-2.19157845114520e-007,1.09320824328316e-005
5.55904257270447e+006	-2.09287257164219e-007,1.05607575392310e-005
5.62341325190393e+006	-1.99861377108101e-007,1.02020494508047e-005
5.68852930843886e+006	-1.90860159174255e-007,9.85552924181258e-006
5.75439937337202e+006	-1.82264461845760e-007,9.52078258155847e-006
5.82103217770917e+006	-1.74056007025643e-007,9.19740923703042e-006
5.88843655355635e+006	-1.66217341048880e-007,8.88502259253099e-006
5.95662143529057e+006	-1.58731797457688e-007,8.58324918571448e-006
6.02559586074405e+006	-1.51583461460174e-007,8.29172825946877e-006
6.09536897240217e+006	-1.44757135996052e-007,8.01011132909859e-006
6.16595001861530e+006	-1.38238309336587e-007,7.73806176428567e-006
6.23734835482468e+006	-1.32013124149269e-007,7.47525438531971e-006
6.30957344480243e+006	-1.26068347960835e-007,7.22137507311095e-006
6.38263486190599e+006	-1.20391344955322e-007,6.97612039251261e-006
6.45654229034706e+006	-1.14970049046671e-007,6.73919722849723e-006
6.53130552647524e+006	-1.09792938168178e-007,6.51032243474682e-006
6.60693448007648e+006	-1.04849009723681e-007,6.28922249423206e-006
6.68343917568667e+006	-1.00127757147908e-007,6.07563319137000e-006
6.76082975392035e+006	-9.56191475257700e-008,5.86929929536430e-006
6.83911647281483e+006	-9.13136002226618e-008,5.66997425434519e-006
6.91830970918991e+006	-8.72019664800440e-008,5.47741989993992e-006
6.99841996002329e+006	-8.32755099326045e-008,5.29140616191690e-006
7.07945784384194e+006	-7.95258880053195e-008,5.11171079255906e-006
7.16143410212959e+006	-7.59451341506031e-008,4.93811910043381e-006
7.24435960075047e+006	-7.25256408875499e-008,4.77042369323840e-006
7.32824533138962e+006	-6.92601436069928e-008,4.60842422941050e-006
7.41310241300976e+006	-6.61417051077451e-008,4.45192717820438e-006
7.49894209332515e+006	-6.31637008309644e-008,4.30074558794360e-006
7.58577575029244e+006	-6.03198047610747e-008,4.15469886217072e-006
7.67361489361880e+006	-5.76039759631140e-008,4.01361254342439e-006
7.76247116628753e+006	-5.50104457277380e-008,3.87731810438325e-006
7.85235634610134e+006	-5.25337052964149e-008,3.74565274612508e-006
7.94328234724345e+006	-5.01684941405909e-008,3.61845920325832e-006
8.03526122185681e+006	-4.79097887697910e-008,3.49558555569126e-006
8.12830516164164e+006	-4.57527920447561e-008,3.37688504681234e-006
8.22242649947137e+006	-4.36929229727968e-008,3.26221590786276e-006
8.31763771102737e+006	-4.17258069635791e-008,3.15144118829009e-006
8.41395141645262e+006	-3.98472665245425e-008,3.04442859187871e-006
8.51138038202445e+006	-3.80533123760918e-008,2.94105031846010e-006
8.60993752184670e+006	-3.63401349676034e-008,2.84118291101248e-006
8.70963589956151e+006	-3.47040963761429e-008,2.74470710796609e-006
8.81048873008085e+006	-3.31417225706140e-008,2.65150770053648e-006
8.91250938133817e+006	-3.16496960248328e-008,2.56147339491436e-006
9.01571137606029e+006	-3.02248486637778e-008,2.47449667914641e-006
9.12010839355983e+006	-2.88641551279680e-008,2.39047369454702e-006
9.22571427154838e+006	-2.75647263416115e-008,2.30930411148667e-006
9.33254300797066e+006	-2.63238033708074e-008,2.23089100940748e-006
9.44060876286000e+006	-2.51387515587116e-008,2.15514076092207e-006
9.54992586021513e+006	-2.40070549251625e-008,2.08196291985649e-006
9.66050878989892e+006	-2.29263108188324e-008,2.01127011310265e-006
9.77237220955890e+006	-2.18942248105068e-008,1.94297793615072e-006
9.88553094657019e+006	-2.09086058166109e-008,1.87700485217578e-006
1.00000000000008e+007	-1.99673614425920e-008,1.81327209455793e-006
1.01157945425998e+007	-1.90684935362386e-008,1.75170357271859e-006
1.02329299228084e+007	-1.82100939414632e-008,1.69222578116025e-006
1.03514216667943e+007	-1.73903404435045e-008,1.63476771160042e-006
1.04712854805098e+007	-1.66074928969132e-008,1.57926076809444e-006
1.05925372517738e+007	-1.58598895280751e-008,1.52563868504532e-006
1.07151930523769e+007	-1.51459434043994e-008,1.47383744800229e-006
1.08392691402129e+007	-1.44641390626522e-008,1.42379521715314e-006
1.09647819614327e+007	-1.38130292892591e-008,1.37545225341859e-006
1.10917481526249e+007	-1.31912320457209e-008,1.32875084705999e-006
1.12201845430206e+007	-1.25974275325987e-008,1.28363524871505e-006
1.13501081567241e+007	-1.20303553858185e-008,1.24005160277861e-006
1.14815362149698e+007	-1.14888119993281e-008,1.19794788304888e-006
1.16144861384044e+007	-1.09716479684089e-008,1.15727383056183e-006
1.17489755493963e+007	-1.04777656482018e-008,1.11798089353945e-006
1.18850222743712e+007	-1.00061168222510e-008,1.08002216937975e-006
1.20226443461751e+007	-9.55570047610770e-009,1.04335234861913e-006
1.21618600064647e+007	-9.12556067125338e-009,1.00792766079991e-006
1.23026877081248e+007	-8.71478451482283e-009,9.73705822178288e-007
1.24451461177149e+007	-8.32250022080601e-009,9.40645985209972e-007
1.25892541179427e+007	-7.94787525860555e-009,9.08708689753125e-007
1.27350308101677e+007	-7.59011458501157e-009,8.77855815930089e-007
1.28824955169324e+007	-7.24845895583362e-009,8.48050538591513e-007
1.30316677845241e+007	-6.92218331359901e-009,8.19257283328337e-007
1.31825673855652e+007	-6.61059524788882e-009,7.91441683978992e-007
1.33352143216343e+007	-6.31303352503751e-009,7.64570541580939e-007
1.34896288259177e+007	-6.02886668406980e-009,7.38611784717415e-007
1.36458313658904e+007	-5.75749169588943e-009,7.13534431211944e-007
1.38038426460300e+007	-5.49833268286909e-009,6.89308551124742e-007
1.39636836105605e+007	-5.25083969611934e-009,6.65905231006767e-007
1.41253754462287e+007	-5.01448754783719e-009,6.43296539368613e-007
1.42889395851122e+007	-4.78877469625205e-009,6.21455493322945e-007
1.44543977074605e+007	-4.57322218079898e-009,6.00356026360574e-007
1.46217717445684e+007	-4.36737260525568e-009,5.79972957221593e-007
1.47910838816833e+007	-4.17078916668206e-009,5.60281959824366e-007
1.49623565609456e+007	-3.98305472809840e-009,5.41259534216380e-007
1.51356124843634e+007	-3.80377093293142e-009,5.22882978512218e-007
1.53108746168216e+007	-3.63255735934612e-009,5.05130361785092e-007
1.54881661891261e+007	-3.46905071266650e-009,4.87980497879510e-007
1.56675107010828e+007	-3.31290405416879e-009,4.71412920113764e-007
1.58489319246125e+007	-3.16378606460864e-009,4.55407856841983e-007
1.60324539069018e+007	-3.02138034091734e-009,4.39946207846527e-007
1.62181009735907e+007	-2.88538472457269e-009,4.25009521532498e-007
1.64058977319968e+007	-2.75551066021757e-009,4.10579972897099e-007
1.65958690743770e+007	-2.63148258316354e-009,3.96640342247498e-007
1.67880401812270e+007	-2.51303733447823e-009,3.83173994641752e-007
1.69824365246189e+007	-2.39992360241388e-009,3.70164860028223e-007
1.71790838715773e+007	-2.29190138899046e-009,3.57597414059730e-007
1.73780082874952e+007	-2.18874150060028e-009,3.45456659559510e-007
1.75792361395884e+007	-2.09022506155195e-009,3.33728108616839e-007
1.77827941003907e+007	-1.99614304952042e-009,3.22397765290892e-007
1.79887091512894e+007	-1.90629585191640e-009,3.11452108902199e-007
1.81970085861014e+007	-1.82049284223286e-009,3.00878077891700e-007
1.84077200146911e+007	-1.73855197546880e-009,2.90663054228125e-007
1.86208713666303e+007	-1.66029940177103e-009,2.80794848345056e-007
1.88364908948996e+007	-1.58556909747336e-009,2.71261684589676e-007
1.90546071796341e+007	-1.51420251274975e-009,2.62052187165814e-007
1.92752491319110e+007	-1.44604823513294e-009,2.53155366554484e-007
1.94984459975821e+007	-1.38096166818425e-009,2.44560606395703e-007
1.97242273611502e+007	-1.31880472463191e-009,2.36257650815902e-007
1.99526231496905e+007	-1.25944553332656e-009,2.28236592185791e-007
2.01836636368173e+007	-1.20275815939140e-009,2.20487859294067e-007
2.04173794466970e+007	-1.14862233697299e-009,2.13002205922801e-007
2.06538015581071e+007	-1.09692321402503e-009,2.05770699810898e-007
2.08929613085422e+007	-1.04755110858336e-009,1.98784711992408e-007
2.11348903983683e+007	-1.00040127601462e-009,1.92035906496974e-007
2.13796208950242e+007	-9.55373686744370e-010,1.85516230400104e-007
2.16271852372721e+007	-9.12372813992881e-010,1.79217904211381e-007
2.18776162394974e+007	-8.71307431067726e-010,1.73133412589140e-007
2.21309470960583e+007	-8.32090417783006e-010,1.67255495370500e-007
2.23872113856853e+007	-7.94638575594110e-010,1.61577138906061e-007
2.26464430759325e+007	-7.58872451055601e-010,1.56091567688896e-007
2.29086765276797e+007	-7.24716167227418e-010,1.50792236267857e-007
2.31739464996868e+007	-6.92097262671485e-010,1.45672821435516e-007
2.34422881532012e+007	-6.60946537696953e-010,1.40727214681432e-007
2.37137370566186e+007	-6.31197907527667e-010,1.35949514901719e-007
2.39883291901970e+007	-6.02788262080167e-010,1.31334021356207e-007
2.42661009508263e+007	-5.75657332054582e-010,1.26875226864795e-007
2.45470891568524e+007	-5.49747561054141e-010,1.22567811234857e-007
2.48313310529578e+007	-5.25003983461873e-010,1.18406634911867e-007
2.51188643150980e+007	-5.01374107815269e-010,1.14386732845650e-007
2.54097270554952e+007	-4.78807805431350e-010,1.10503308564935e-007
2.57039578276909e+007	-4.57257204045741e-010,1.06751728453147e-007
2.60015956316550e+007	-4.36676586240005e-010,1.03127516218579e-007
2.63026799189561e+007	-4.17022292441639e-010,9.96263475523708e-008
2.66072505979904e+007	-3.98252628290849e-010,9.62440449678855e-008
2.69153480392715e+007	-3.80327776177512e-010,9.29765728153471e-008
2.72270130807815e+007	-3.63209710760550e-010,8.98200324657716e-008
2.75422870333841e+007	-3.46862118290429e-010,8.67706576584463e-008
2.78612116863001e+007	-3.31250319563550e-010,8.38248100064031e-008
2.81838293126470e+007	-3.16341196345016e-010,8.09789746545168e-008
2.85101826750416e+007	-3.02103121103633e-010,7.82297560850486e-008
2.88403150312686e+007	-2.88505889909998e-010,7.55738740656221e-008
2.91742701400142e+007	-2.75520658355300e-010,7.30081597347987e-008
2.95120922666664e+007	-2.63119880354811e-010,7.05295518205762e-008
2.98538261891822e+007	-2.51277249706212e-010,6.81350929872981e-008
3.01995172040228e+007	-2.39967644278728e-010,6.58219263066100e-008
3.05492111321578e+007	-2.29167072714622e-010,6.35872918482530e-008
3.09029543251386e+007	-2.18852623529965e-010,6.14285233866224e-008
3.12607936712423e+007	-2.09002416506641e-010,5.93430452191599e-008
3.16227766016866e+007	-1.99595556272452e-010,5.73283690927828e-008
3.19889510969168e+007	-1.90612087970828e-010,5.53820912346800e-008
3.23593656929657e+007	-1.82032954926037e-010,5.35018894839299e-008
3.27340694878867e+007	-1.73839958214099e-010,5.16855205205180e-008
3.31131121482620e+007	-1.66015718053588e-010,4.99308171884452e-008
3.34965439157857e+007	-1.58543636934402e-010,4.82356859097307e-008
3.38844156139232e+007	-1.51407864406262e-010,4.65981041862250e-008
3.42767786546481e+007	-1.44593263452226e-010,4.50161181862496e-008
3.46736850452562e+007	-1.38085378375853e-010,4.34878404131816e-008
3.50751873952599e+007	-1.31870404133895e-010,4.20114474532034e-008
3.54813389233607e+007	-1.25935157049432e-010,4.05851777995261e-008
3.58921934645037e+007	-1.20267046843306e-010,3.92073297504917e-008
3.63078054770134e+007	-1.14854049924514e-010,3.78762593790445e-008
3.67282300498117e+007	-1.09684683882894e-010,3.65903785711477e-008
3.71535229097206e+007	-1.04747983129957e-010,3.53481531308050e-008
3.75837404288478e+007	-1.00033475636212e-010,3.41481009494245e-008
3.80189396320595e+007	-9.55311607155972e-011,3.29887902373409e-008
3.84591782045388e+007	-9.12314878099025e-011,3.18688378153838e-008
3.89045144994315e+007	-8.71253362281513e-011,3.07869074644552e-008
3.93550075455813e+007	-8.32039957979673e-011,2.97417083311438e-008
3.98107170553533e+007	-7.94591483878665e-011,2.87319933874763e-008
4.02717034325495e+007	-7.58828502612718e-011,2.77565579429644e-008
4.07380277804149e+007	-7.24675152248100e-011,2.68142382071733e-008
4.12097519097367e+007	-6.92058985351383e-011,2.59039099010969e-008
4.16869383470373e+007	-6.60910815301545e-011,2.50244869156802e-008
4.21696503428620e+007	-6.31164569519835e-011,2.41749200158898e-008
4.26579518801631e+007	-6.02757149306021e-011,2.33541955887855e-008
4.31519076827804e+007	-5.75628295983620e-011,2.25613344340980e-008
4.36515832240205e+007	-5.49720463070136e-011,2.17953905958711e-008
4.41570447353352e+007	-5.24978694201098e-011,2.10554502337718e-008
4.46683592151003e+007	-5.01350506548884e-011,2.03406305327234e-008
4.51855944374963e+007	-4.78785779489030e-011,1.96500786495595e-008
4.57088189614916e+007	-4.57236648277770e-011,1.89829706954415e-008
4.62381021399302e+007	-4.36657402515275e-011,1.83385107528255e-008
4.67735141287240e+007	-4.17004389179159e-011,1.77159299258064e-008
4.73151258961523e+007	-3.98235920022533e-011,1.71144854227043e-008
4.78630092322682e+007	-3.80312183140141e-011,1.65334596697994e-008
4.84172367584143e+007	-3.63195158514975e-011,1.59721594551578e-008
4.89778819368491e+007	-3.46848537366197e-011,1.54299151015261e-008
4.95450190804835e+007	-3.31237645127243e-011,1.49060796673082e-008
5.01187233627318e+007	-3.16329367890737e-011,1.44000281746702e-008
5.06990708274750e+007	-3.02092082164143e-011,1.39111568638527e-008
5.12861383991411e+007	-2.88495587787142e-011,1.34388824728012e-008
5.18800038929008e+007	-2.75511043868426e-011,1.29826415412537e-008
5.24807460249820e+007	-2.63110907605979e-011,1.25418897384559e-008
5.30884444231037e+007	-2.51268875861077e-011,1.21161012137020e-008
5.37031796370301e+007	-2.39959829362049e-011,1.17047679689252e-008
5.43250331492483e+007	-2.29159779419423e-011,1.13073992525901e-008
5.49540873857675e+007	-2.18845817039427e-011,1.09235209741636e-008
5.55904257270454e+007	-2.08996064327892e-011,1.05526751384644e-008
5.62341325190400e+007	-1.99589628081447e-011,1.01944192992187e-008
5.68852930843893e+007	-1.90606555467581e-011,9.84832603116687e-009
5.75439937337209e+007	-1.82027791699518e-011,9.51398242009384e-009
5.82103217770925e+007	-1.73835139616154e-011,9.19098957017327e-009
5.88843655355643e+007	-1.66011221081266e-011,8.87896212803794e-009
5.95662143529065e+007	-1.58539440120141e-011,8.57752782300859e-009
6.02559586074413e+007	-1.51403947715408e-011,8.28632702293257e-009
6.09536897240225e+007	-1.44589608187383e-011,8.00501230510210e-009
6.16595001861539e+007	-1.38081967087631e-011,7.73324804174047e-009
6.23734835482476e+007	-1.31867220537604e-011,7.47070999956129e-009
6.30957344480251e+007	-1.25932185947341e-011,7.21708495292309e-009
6.38263486190607e+007	-1.20264274052090e-011,6.97207031011781e-009
6.45654229034715e+007	-1.14851462207548e-011,6.73537375234691e-009
6.53130552647532e+007	-1.09682268887059e-011,6.50671288495473e-009
6.60693448007657e+007	-1.04745729326672e-011,6.28581490050266e-009
6.68343917568676e+007	-1.00031372266394e-011,6.07241625328221e-009
6.76082975392044e+007	-9.55291977383027e-012,5.86626234487865e-009
6.83911647281492e+007	-9.12296558543900e-012,5.66710722040989e-009
6.91830970919000e+007	-8.71236265491491e-012,5.47471327507834e-009
6.99841996002338e+007	-8.32024002339247e-012,5.28885097068542e-009
7.07945784384203e+007	-7.94576593219918e-012,5.10929856177071e-009
7.16143410212968e+007	-7.58814605851708e-012,4.93584183104862e-009
7.24435960075057e+007	-7.24662183045521e-012,4.76827383382734e-009
7.32824533138972e+007	-6.92046881795872e-012,4.60639465110474e-009
7.41310241300986e+007	-6.60899519614128e-012,4.45001115104683e-009
7.49894209332525e+007	-6.31154027778104e-012,4.29893675856413e-009
7.58577575029254e+007	-6.02747311186716e-012,4.15299123271102e-009
7.67361489361890e+007	-5.75619114522398e-012,4.01200045164241e-009
7.76247116628764e+007	-5.49711894437373e-012,3.87579620487128e-009
7.85235634610145e+007	-5.24970697492652e-012,3.74421599257910e-009
7.94328234724355e+007	-5.01343043590835e-012,3.61710283173970e-009
8.03526122185692e+007	-4.78778814655438e-012,3.49430506882531e-009
8.12830516164175e+007	-4.57230148320607e-012,3.37567619887131e-009
8.22242649947148e+007	-4.36651336405711e-012,3.26107469068366e-009
8.31763771102749e+007	-4.16998727959433e-012,3.15036381798070e-009
8.41395141645274e+007	-3.98230636667714e-012,3.04341149626760e-009
8.51138038202456e+007	-3.80307252429122e-012,2.94009012524902e-009
8.60993752184681e+007	-3.63190556910072e-012,2.84027643659187e-009
8.70963589956162e+007	-3.46844242900784e-012,2.74385134685645e-009
8.81048873008097e+007	-3.31233637300891e-012,2.65069981542074e-009
8.91250938133829e+007	-3.16325627571348e-012,2.56071070722800e-009
9.01571137606041e+007	-3.02088591496620e-012,2.47377666019425e-009
9.12010839355995e+007	-2.88492330108154e-012,2.38979395711714e-009
9.22571427154850e+007	-2.75508003626859e-012,2.30866240193356e-009
9.33254300797079e+007	-2.63108070288700e-012,2.23028520017836e-009
9.44060876286012e+007	-2.51266227923654e-012,2.15456884350133e-009
9.54992586021526e+007	-2.39957358164091e-012,2.08142299810503e-009
9.66050878989904e+007	-2.29157473164240e-012,2.01076039696996e-009
9.77237220955903e+007	-2.18843664717717e-012,1.94249673573878e-009
9.88553094657032e+007	-2.08994055665181e-012,1.87655057213520e-009
1.00000000000000e+008	-1.99587753489122e-012,1.81284322879814e-009
